# Wavelength(A)  Flux(10^-17 erg/s/cm^2/A)
3801.8930  7.7240
3802.7700  4.3230
3803.6450  -0.9190
3804.5220  0.4330
3805.3970  6.6430
3806.2730  10.0310
3807.1500  10.1490
3808.0260  6.5230
3808.9040  9.0640
3809.7810  6.6490
3810.6590  5.9610
3811.5360  5.1730
3812.4130  0.2610
3813.2920  -1.4040
3814.1690  6.1130
3815.0480  11.1840
3815.9260  7.5560
3816.8060  -0.3900
3817.6840  11.5890
3818.5620  3.1790
3819.4430  4.7140
3820.3220  4.3890
3821.2020  1.0310
3822.0820  2.5730
3822.9630  2.1710
3823.8420  2.5580
3824.7240  1.9060
3825.6040  5.5660
3826.4840  1.8450
3827.3660  3.6210
3828.2470  4.4210
3829.1300  2.6350
3830.0100  3.7560
3830.8940  6.7860
3831.7750  8.0730
3832.6560  10.5180
3833.5400  7.2410
3834.4220  -2.4030
3835.3060  8.2720
3836.1890  4.9950
3837.0730  3.9490
3837.9560  7.0260
3838.8390  4.8270
3839.7240  2.0880
3840.6080  3.7050
3841.4930  2.6540
3842.3770  5.4920
3843.2630  8.6020
3844.1470  6.3430
3845.0310  6.7820
3845.9180  13.7480
3846.8030  11.6560
3847.6900  6.6800
3848.5750  8.7410
3849.4630  3.7060
3850.3480  6.5910
3851.2340  7.7030
3852.1220  3.6080
3853.0080  8.7860
3853.8970  5.0700
3854.7830  3.6740
3855.6720  6.0220
3856.5590  6.7420
3857.4460  8.1590
3858.3360  9.1760
3859.2230  9.8370
3860.1140  8.4130
3861.0010  11.5140
3861.8920  3.7000
3862.7800  -1.0550
3863.6690  3.9150
3864.5600  8.8710
3865.4490  6.9830
3866.3400  5.0930
3867.2300  10.2420
3868.1210  9.2250
3869.0110  7.6940
3869.9010  0.7340
3870.7940  9.1550
3871.6840  5.5660
3872.5770  3.7330
3873.4680  9.1200
3874.3610  8.1930
3875.2520  4.2720
3876.1440  8.9190
3877.0380  4.5550
3877.9300  8.3150
3878.8240  4.4970
3879.7160  2.7790
3880.6110  7.0180
3881.5040  3.7830
3882.3960  1.9820
3883.2920  7.0580
3884.1850  4.7960
3885.0810  3.9440
3885.9750  9.6000
3886.8710  3.8130
3887.7650  3.7550
3888.6590  3.9880
3889.5560  2.8710
3890.4510  3.1150
3891.3480  5.8450
3892.2430  7.9740
3893.1410  7.6180
3894.0360  8.6050
3894.9340  5.8780
3895.8300  9.8050
3896.7260  9.4330
3897.6250  16.2970
3898.5210  19.0460
3899.4210  12.9830
3900.3180  10.8470
3901.2170  13.7130
3902.1150  8.6120
3903.0120  5.7160
3903.9120  10.9170
3904.8100  14.5430
3905.7110  12.8320
3906.6090  11.0100
3907.5100  6.7090
3908.4090  4.9890
3909.3080  4.8300
3910.2100  3.2740
3911.1090  6.8620
3912.0110  9.4220
3912.9110  11.1380
3913.8130  7.5010
3914.7140  8.4450
3915.6140  1.1560
3916.5170  0.7500
3917.4180  2.0800
3918.3220  3.1850
3919.2230  7.9980
3920.1270  7.5990
3921.0290  3.6510
3921.9310  2.3840
3922.8350  6.6770
3923.7370  6.2290
3924.6420  0.6040
3925.5450  5.0780
3926.4500  8.6490
3927.3540  6.3710
3928.2570  5.2430
3929.1630  4.5660
3930.0670  8.9720
3930.9730  5.0510
3931.8770  5.1200
3932.7840  6.7440
3933.6890  2.4740
3934.5940  1.9950
3935.5010  3.1810
3936.4060  4.2450
3937.3140  6.6430
3938.2200  5.6820
3939.1280  5.9710
3940.0340  -0.1000
3940.9410  5.3350
3941.8490  4.8460
3942.7560  6.9750
3943.6650  3.7980
3944.5730  4.1990
3945.4820  7.6220
3946.3900  4.3790
3947.2980  1.3240
3948.2080  5.4890
3949.1160  9.6730
3950.0270  4.3970
3950.9360  6.2530
3951.8470  8.8430
3952.7560  5.5630
3953.6650  6.7450
3954.5770  7.6070
3955.4870  3.6040
3956.3990  4.2050
3957.3090  4.6840
3958.2210  3.8090
3959.1320  5.2590
3960.0450  4.9830
3960.9560  2.9570
3961.8670  6.5800
3962.7810  5.7480
3963.6920  5.7420
3964.6060  7.9990
3965.5190  3.5750
3966.4330  6.6970
3967.3450  2.0790
3968.2580  5.7760
3969.1730  6.9010
3970.0860  9.1880
3971.0020  5.9490
3971.9150  6.4190
3972.8310  7.2850
3973.7450  9.4820
3974.6590  13.6140
3975.5760  4.2160
3976.4900  4.7370
3977.4070  5.8450
3978.3230  7.1380
3979.2400  5.7990
3980.1550  3.4760
3981.0710  7.3730
3981.9890  9.4790
3982.9050  7.6950
3983.8230  7.3870
3984.7400  5.0380
3985.6590  3.4790
3986.5760  6.0510
3987.4930  5.0070
3988.4120  9.2040
3989.3300  5.9420
3990.2500  6.3100
3991.1680  6.3160
3992.0880  3.6900
3993.0060  4.3950
3993.9250  7.6960
3994.8460  9.1180
3995.7650  4.8060
3996.6860  10.1740
3997.6060  5.0810
3998.5280  4.5930
3999.4480  3.1650
4000.3670  4.4070
4001.2900  6.7160
4002.2100  6.8230
4003.1330  7.4950
4004.0540  7.5930
4004.9780  8.7580
4005.8990  7.1210
4006.8210  4.1900
4007.7450  6.9030
4008.6670  4.8760
4009.5910  6.5580
4010.5130  7.5970
4011.4380  4.5320
4012.3610  4.8090
4013.2840  6.3820
4014.2090  4.3860
4015.1330  8.2510
4016.0590  6.4720
4016.9830  7.6430
4017.9090  8.3140
4018.8330  6.6410
4019.7580  7.6530
4020.6850  5.7290
4021.6100  1.7400
4022.5370  5.4680
4023.4620  3.7100
4024.3900  2.7160
4025.3160  6.5790
4026.2420  8.3730
4027.1700  5.1800
4028.0970  7.3740
4029.0260  5.6390
4029.9530  3.4960
4030.8820  4.8790
4031.8090  4.5450
4032.7390  8.8120
4033.6670  6.9240
4034.5950  4.4650
4035.5250  4.4160
4036.4530  6.7730
4037.3840  5.3350
4038.3130  6.9380
4039.2440  9.1710
4040.1740  8.2100
4041.1030  6.9900
4042.0350  6.3340
4042.9650  3.8200
4043.8970  7.1480
4044.8270  6.6840
4045.7600  3.8840
4046.6910  5.7370
4047.6220  9.7290
4048.5550  6.8150
4049.4860  5.6060
4050.4200  8.0170
4051.3520  4.7190
4052.2860  4.1000
4053.2190  6.8300
4054.1510  5.9540
4055.0860  5.9620
4056.0190  4.6770
4056.9540  4.7240
4057.8870  6.0630
4058.8230  6.7970
4059.7570  6.8410
4060.6910  5.8660
4061.6270  4.0140
4062.5610  4.0440
4063.4980  3.9160
4064.4330  8.3660
4065.3700  4.7930
4066.3050  6.5120
4067.2410  6.3190
4068.1790  5.9910
4069.1150  6.0720
4070.0530  5.2510
4070.9890  5.5120
4071.9280  5.3970
4072.8650  3.0590
4073.8020  5.0270
4074.7410  6.4350
4075.6790  4.2790
4076.6180  5.3930
4077.5560  3.8100
4078.4970  4.6130
4079.4350  4.5750
4080.3730  4.5980
4081.3140  8.3110
4082.2530  3.2440
4083.1940  4.8430
4084.1340  3.9090
4085.0760  3.9000
4086.0150  3.8960
4086.9550  5.4960
4087.8980  8.5170
4088.8380  9.2290
4089.7810  5.8030
4090.7220  3.8130
4091.6650  7.2420
4092.6060  7.1920
4093.5480  4.7210
4094.4920  6.5300
4095.4340  8.6430
4096.3780  6.7590
4097.3210  8.0490
4098.2660  7.2560
4099.2080  7.3290
4100.1510  5.9030
4101.0970  2.9740
4102.0400  7.3220
4102.9860  6.7530
4103.9300  5.7790
4104.8760  7.1950
4105.8210  5.0490
4106.7680  6.3210
4107.7120  4.7700
4108.6570  4.4850
4109.6040  7.5050
4110.5500  7.8740
4111.4980  6.3580
4112.4440  7.4410
4113.3920  6.3670
4114.3380  9.1100
4115.2850  6.9920
4116.2340  4.6590
4117.1810  3.7910
4118.1300  5.6800
4119.0780  5.2770
4120.0270  4.9310
4120.9750  5.3310
4121.9230  4.8510
4122.8740  6.4310
4123.8220  7.9260
4124.7730  7.2320
4125.7220  7.3920
4126.6730  5.9910
4127.6230  4.0080
4128.5720  6.7500
4129.5240  6.8580
4130.4750  3.4110
4131.4270  4.6460
4132.3770  8.2960
4133.3300  5.5070
4134.2810  5.0290
4135.2320  7.9850
4136.1860  4.8380
4137.1370  2.7370
4138.0910  5.7010
4139.0430  8.0120
4139.9980  6.7340
4140.9500  7.1230
4141.9030  8.5860
4142.8580  8.0100
4143.8110  7.7890
4144.7670  6.4200
4145.7200  7.3840
4146.6760  4.5240
4147.6300  6.3560
4148.5840  8.4390
4149.5410  5.4070
4150.4950  5.8490
4151.4530  5.6280
4152.4070  5.3730
4153.3650  6.5340
4154.3200  4.9300
4155.2760  8.2130
4156.2340  7.2510
4157.1900  6.7010
4158.1490  3.2670
4159.1050  6.1380
4160.0650  6.6820
4161.0220  9.0750
4161.9790  9.0300
4162.9390  9.2000
4163.8960  10.9100
4164.8560  9.2090
4165.8150  9.4570
4166.7750  8.4080
4167.7340  8.1440
4168.6930  8.0410
4169.6540  10.8200
4170.6130  7.1640
4171.5750  7.2490
4172.5350  8.7320
4173.4970  6.7230
4174.4570  5.3050
4175.4170  7.5210
4176.3800  9.3070
4177.3410  8.6350
4178.3040  5.0050
4179.2650  9.3650
4180.2290  6.2080
4181.1910  4.1470
4182.1550  4.9690
4183.1170  7.3020
4184.0800  7.7030
4185.0440  5.2190
4186.0070  3.6180
4186.9720  4.7200
4187.9360  5.4700
4188.9010  6.7510
4189.8650  4.4720
4190.8290  4.1530
4191.7950  4.2320
4192.7590  3.9480
4193.7260  5.2020
4194.6910  5.2420
4195.6580  3.7430
4196.6240  4.5020
4197.5890  6.6920
4198.5570  5.8770
4199.5230  6.1300
4200.4910  5.9860
4201.4580  5.4120
4202.4260  6.9180
4203.3930  10.5530
4204.3600  6.8190
4205.3300  7.2450
4206.2970  9.0530
4207.2670  6.4130
4208.2350  4.4280
4209.2050  4.9030
4210.1740  5.8080
4211.1420  6.9600
4212.1130  7.7600
4213.0820  5.1460
4214.0540  8.2930
4215.0230  9.2060
4215.9950  7.4180
4216.9650  6.7000
4217.9350  6.0080
4218.9080  6.5490
4219.8780  9.4270
4220.8520  8.8230
4221.8220  6.2640
4222.7960  5.6390
4223.7680  7.8800
4224.7390  7.6790
4225.7130  9.3130
4226.6860  6.3760
4227.6600  6.6210
4228.6330  7.3500
4229.6080  8.2190
4230.5810  10.2220
4231.5540  8.4220
4232.5300  6.2300
4233.5030  6.7410
4234.4800  5.8950
4235.4540  6.3230
4236.4310  5.4760
4237.4050  10.0710
4238.3800  12.3250
4239.3570  14.2280
4240.3330  16.4270
4241.3110  19.7270
4242.2860  22.1470
4243.2640  20.5620
4244.2410  20.2150
4245.2170  17.8470
4246.1960  15.5140
4247.1730  9.7470
4248.1520  8.5710
4249.1290  6.3480
4250.1090  3.1770
4251.0870  3.7750
4252.0650  5.3170
4253.0450  6.4140
4254.0240  6.9580
4255.0050  5.4470
4255.9830  6.5510
4256.9650  6.8680
4257.9440  6.7340
4258.9260  11.7700
4259.9060  7.0950
4260.8860  6.2940
4261.8690  4.9540
4262.8490  6.0310
4263.8320  5.8330
4264.8130  5.2320
4265.7960  5.7000
4266.7780  2.5120
4267.7590  3.0510
4268.7430  5.0540
4269.7260  4.9800
4270.7100  6.7750
4271.6920  6.7280
4272.6770  5.3040
4273.6610  7.3790
4274.6440  6.5350
4275.6290  6.7930
4276.6130  7.5610
4277.5990  8.4700
4278.5830  12.2220
4279.5700  9.3680
4280.5540  8.1030
4281.5390  7.5610
4282.5260  5.8100
4283.5120  10.4390
4284.4990  9.1910
4285.4850  8.9590
4286.4730  6.3920
4287.4590  3.8560
4288.4450  4.6400
4289.4350  5.9090
4290.4210  6.7270
4291.4110  7.6280
4292.3980  6.1360
4293.3880  8.5470
4294.3750  8.3720
4295.3630  6.5390
4296.3540  4.5800
4297.3420  6.8540
4298.3330  7.7660
4299.3220  6.3040
4300.3130  6.4060
4301.3030  9.1600
4302.2920  9.9140
4303.2840  8.0240
4304.2740  10.1320
4305.2670  8.9420
4306.2570  6.8950
4307.2500  8.1210
4308.2410  8.8910
4309.2320  5.4190
4310.2260  7.8680
4311.2170  8.0130
4312.2110  7.3740
4313.2040  9.7150
4314.1980  9.4080
4315.1900  5.2580
4316.1840  4.2110
4317.1790  6.2790
4318.1720  10.1190
4319.1670  4.5830
4320.1610  5.6440
4321.1570  5.8290
4322.1510  4.4470
4323.1460  7.0270
4324.1430  7.4880
4325.1380  5.5300
4326.1350  5.0580
4327.1300  7.3040
4328.1280  9.2550
4329.1240  5.8110
4330.1200  6.3940
4331.1180  8.5130
4332.1140  8.1670
4333.1130  8.0510
4334.1100  7.5030
4335.1100  8.6320
4336.1070  8.8330
4337.1070  8.2180
4338.1040  6.9890
4339.1030  7.7190
4340.1030  8.4880
4341.1020  3.7190
4342.1030  4.3010
4343.1020  10.1690
4344.1030  10.1740
4345.1030  7.8520
4346.1020  6.6480
4347.1040  7.0820
4348.1040  6.8230
4349.1070  7.7270
4350.1070  7.9730
4351.1100  6.1430
4352.1110  5.5300
4353.1130  6.4810
4354.1170  5.7980
4355.1180  6.1750
4356.1230  4.7110
4357.1250  3.6590
4358.1290  5.6050
4359.1320  5.9520
4360.1350  6.2170
4361.1400  3.9330
4362.1440  1.7290
4363.1490  4.0500
4364.1530  6.2040
4365.1590  4.5920
4366.1640  4.0360
4367.1680  5.5490
4368.1750  4.8460
4369.1800  5.6470
4370.1880  3.6630
4371.1930  6.3050
4372.2010  8.9480
4373.2070  4.6190
4374.2130  7.5530
4375.2210  7.3460
4376.2280  4.7820
4377.2370  4.6700
4378.2440  4.6420
4379.2530  5.6660
4380.2610  8.9010
4381.2690  8.5040
4382.2790  9.2370
4383.2870  8.9080
4384.2980  7.1640
4385.3070  4.5060
4386.3180  5.1050
4387.3270  5.7600
4388.3360  7.5070
4389.3480  8.9140
4390.3580  8.2880
4391.3700  7.9960
4392.3800  8.6530
4393.3940  7.2770
4394.4040  6.0890
4395.4150  8.5640
4396.4290  6.6520
4397.4400  6.1200
4398.4540  9.7210
4399.4660  9.2350
4400.4800  11.1470
4401.4930  13.8180
4402.5050  17.2670
4403.5210  19.4950
4404.5340  17.0530
4405.5490  12.4600
4406.5620  10.0810
4407.5790  8.6840
4408.5930  7.7770
4409.6070  8.7480
4410.6240  8.2510
4411.6390  7.3680
4412.6560  5.2110
4413.6710  6.9580
4414.6880  5.7940
4415.7040  6.9290
4416.7230  6.6030
4417.7390  5.9220
4418.7550  7.5150
4419.7740  6.1480
4420.7910  2.1020
4421.8100  3.9100
4422.8270  6.0300
4423.8470  5.8680
4424.8650  7.6500
4425.8830  6.3510
4426.9030  8.9870
4427.9220  8.3850
4428.9430  8.9370
4429.9620  7.7520
4430.9830  7.5120
4432.0020  8.1350
4433.0220  7.3000
4434.0440  6.6990
4435.0640  8.4280
4436.0870  9.4920
4437.1080  7.2470
4438.1310  7.7880
4439.1520  8.3360
4440.1730  5.8210
4441.1970  5.7400
4442.2190  6.9360
4443.2430  7.3190
4444.2650  7.8650
4445.2900  7.2420
4446.3120  7.7400
4447.3350  8.1920
4448.3610  9.0850
4449.3840  9.4300
4450.4110  6.9860
4451.4340  9.5590
4452.4610  8.2760
4453.4850  11.1010
4454.5100  9.7920
4455.5370  9.9300
4456.5620  9.2050
4457.5890  10.0160
4458.6150  9.8490
4459.6430  8.6900
4460.6690  7.9260
4461.6950  8.5620
4462.7240  7.8150
4463.7500  6.9570
4464.7800  8.3960
4465.8070  6.8850
4466.8370  6.4910
4467.8640  7.5960
4468.8920  5.9270
4469.9230  6.2820
4470.9510  7.0180
4471.9820  5.4920
4473.0110  2.9320
4474.0420  2.1670
4475.0720  3.5980
4476.1010  4.1690
4477.1330  4.1740
4478.1630  4.4700
4479.1960  3.3880
4480.2270  2.7870
4481.2590  4.7920
4482.2910  4.2730
4483.3210  6.4540
4484.3550  7.7660
4485.3870  6.9230
4486.4210  6.9250
4487.4540  8.9660
4488.4880  8.0140
4489.5210  7.2190
4490.5540  9.8150
4491.5890  9.8790
4492.6230  9.1840
4493.6580  9.4040
4494.6920  8.3030
4495.7290  9.1680
4496.7630  9.7060
4497.8000  7.1740
4498.8340  8.2550
4499.8700  8.6340
4500.9070  8.0050
4501.9420  9.2500
4502.9800  8.8760
4504.0170  7.4150
4505.0550  6.5430
4506.0910  8.6580
4507.1280  10.1850
4508.1670  7.9360
4509.2050  6.2620
4510.2450  6.7600
4511.2820  5.7930
4512.3220  5.4020
4513.3600  6.0100
4514.3980  6.9470
4515.4390  5.8930
4516.4790  3.6530
4517.5200  7.3550
4518.5590  6.2800
4519.6010  5.5920
4520.6410  6.5380
4521.6810  4.1980
4522.7240  7.2900
4523.7640  8.4340
4524.8070  7.0790
4525.8480  9.0180
4526.8920  8.7110
4527.9330  9.6540
4528.9750  10.5650
4530.0190  8.5230
4531.0610  8.7520
4532.1060  8.6820
4533.1490  9.7000
4534.1940  8.1560
4535.2370  10.8300
4536.2800  8.6950
4537.3270  8.2320
4538.3700  10.5720
4539.4170  10.7020
4540.4610  9.8830
4541.5080  10.3210
4542.5530  10.5650
4543.5980  10.0610
4544.6460  8.8480
4545.6910  8.1920
4546.7390  8.5880
4547.7850  8.0960
4548.8340  11.1440
4549.8800  11.0660
4550.9270  10.5090
4551.9770  10.9510
4553.0240  11.0010
4554.0740  10.3070
4555.1220  11.8290
4556.1720  11.7980
4557.2200  10.4300
4558.2690  9.8940
4559.3190  9.3560
4560.3680  9.5660
4561.4200  10.5390
4562.4690  11.1890
4563.5210  12.0410
4564.5710  10.0580
4565.6210  12.1400
4566.6740  12.4320
4567.7250  11.2500
4568.7780  13.8020
4569.8290  10.9670
4570.8830  11.9530
4571.9340  12.6130
4572.9890  13.0500
4574.0410  13.4480
4575.0930  11.7530
4576.1480  9.9400
4577.2010  9.9650
4578.2560  10.7640
4579.3090  11.4460
4580.3650  11.1930
4581.4190  9.7870
4582.4730  12.2490
4583.5300  11.2530
4584.5840  13.5740
4585.6410  10.5980
4586.6960  10.2890
4587.7540  12.0430
4588.8090  9.1970
4589.8650  9.7520
4590.9230  11.3270
4591.9790  11.7950
4593.0390  10.7510
4594.0950  10.6580
4595.1540  11.7670
4596.2110  11.0110
4597.2690  13.9150
4598.3290  10.9010
4599.3870  9.4050
4600.4470  12.0750
4601.5060  12.4340
4602.5670  11.5520
4603.6250  8.5470
4604.6850  8.7430
4605.7470  10.9250
4606.8060  9.7790
4607.8690  9.5720
4608.9290  11.5060
4609.9910  10.3530
4611.0520  9.5760
4612.1130  11.3500
4613.1760  10.8440
4614.2370  9.7190
4615.3010  11.9870
4616.3630  13.3240
4617.4280  10.5650
4618.4900  9.5800
4619.5520  8.4360
4620.6180  10.7970
4621.6810  11.7260
4622.7470  11.8360
4623.8100  11.0790
4624.8760  10.9270
4625.9400  10.2070
4627.0040  11.2580
4628.0710  11.0690
4629.1360  10.3290
4630.2030  11.0400
4631.2690  11.8310
4632.3360  11.8570
4633.4020  12.1950
4634.4680  13.5420
4635.5370  12.6980
4636.6030  10.3380
4637.6720  11.3950
4638.7390  11.0690
4639.8090  10.1730
4640.8760  11.0400
4641.9440  9.0190
4643.0140  11.2450
4644.0830  10.1070
4645.1530  8.9190
4646.2220  10.8370
4647.2930  9.2200
4648.3620  11.7770
4649.4320  14.2880
4650.5040  12.5830
4651.5740  12.4570
4652.6460  11.2540
4653.7170  9.6130
4654.7900  12.2900
4655.8610  13.3160
4656.9350  10.7490
4658.0060  12.1570
4659.0770  12.1490
4660.1520  9.6970
4661.2240  10.9930
4662.2980  9.2250
4663.3710  10.5780
4664.4460  7.7430
4665.5200  6.8540
4666.5930  8.9500
4667.6690  10.0490
4668.7430  10.8030
4669.8190  11.2620
4670.8940  10.6960
4671.9710  9.6590
4673.0450  9.2490
4674.1210  11.8760
4675.1980  14.1030
4676.2740  9.0760
4677.3520  9.2310
4678.4280  10.9560
4679.5070  12.2220
4680.5830  13.2790
4681.6600  14.9410
4682.7400  12.1070
4683.8170  12.8680
4684.8970  12.1600
4685.9750  12.3620
4687.0560  13.2730
4688.1340  12.1870
4689.2120  10.3850
4690.2930  10.8830
4691.3730  12.2100
4692.4550  11.8240
4693.5340  10.5740
4694.6160  10.4530
4695.6960  11.2630
4696.7760  11.0770
4697.8590  11.0580
4698.9400  10.8560
4700.0240  9.9970
4701.1050  8.0340
4702.1890  11.7390
4703.2710  10.5830
4704.3530  10.8370
4705.4380  12.8350
4706.5200  9.8000
4707.6050  8.4430
4708.6880  12.0930
4709.7740  12.3840
4710.8580  10.3160
4711.9410  10.3630
4713.0280  11.5490
4714.1120  11.8380
4715.1990  11.3850
4716.2840  10.7310
4717.3720  10.0940
4718.4570  10.6820
4719.5420  12.4270
4720.6310  12.8160
4721.7170  9.2750
4722.8060  11.5590
4723.8920  12.2170
4724.9810  10.9190
4726.0680  10.7800
4727.1550  11.5220
4728.2460  11.4950
4729.3330  11.2100
4730.4240  11.3280
4731.5120  13.1100
4732.6030  10.5460
4733.6920  10.7400
4734.7810  12.8860
4735.8730  13.8900
4736.9620  12.4000
4738.0550  10.5210
4739.1450  11.8920
4740.2370  12.7060
4741.3280  11.2940
4742.4210  10.5980
4743.5120  10.1290
4744.6040  11.6450
4745.6970  10.9120
4746.7890  10.3840
4747.8840  10.5410
4748.9760  11.3240
4750.0710  9.2300
4751.1640  10.6660
4752.2570  9.3180
4753.3530  11.1160
4754.4460  11.8720
4755.5420  11.2410
4756.6370  12.1690
4757.7330  10.1000
4758.8280  10.5260
4759.9230  11.6540
4761.0210  11.7230
4762.1160  12.1900
4763.2140  11.3300
4764.3100  11.4790
4765.4080  12.2050
4766.5040  11.0720
4767.6010  10.8300
4768.7000  11.5520
4769.7970  12.3870
4770.8970  13.0850
4771.9950  11.6500
4773.0950  12.3110
4774.1930  11.0370
4775.2920  9.8480
4776.3930  10.6950
4777.4920  10.1420
4778.5930  12.5450
4779.6920  10.9360
4780.7950  12.4640
4781.8950  10.0720
4782.9950  9.6610
4784.0980  13.3630
4785.1980  12.1250
4786.3020  10.2370
4787.4030  12.2290
4788.5070  13.2950
4789.6080  11.2460
4790.7100  11.0150
4791.8150  14.2690
4792.9170  12.3210
4794.0220  12.1470
4795.1250  11.5310
4796.2310  13.2610
4797.3340  12.9610
4798.4380  10.8810
4799.5440  12.1110
4800.6490  13.5090
4801.7560  13.0750
4802.8600  11.1350
4803.9680  12.8700
4805.0730  12.9890
4806.1780  12.7540
4807.2870  11.5100
4808.3930  11.7810
4809.5010  8.6820
4810.6080  8.6730
4811.7170  9.6700
4812.8240  9.7680
4813.9310  11.9590
4815.0420  13.3970
4816.1490  13.0350
4817.2600  12.7170
4818.3680  12.6020
4819.4790  13.1130
4820.5880  12.0920
4821.6970  11.5570
4822.8090  11.1170
4823.9180  11.3660
4825.0300  10.2390
4826.1400  13.4080
4827.2530  12.0310
4828.3640  10.8520
4829.4770  11.8650
4830.5880  13.5600
4831.6990  10.9430
4832.8130  14.1030
4833.9250  11.1290
4835.0400  11.9820
4836.1520  11.6210
4837.2680  9.8540
4838.3800  10.2720
4839.4940  11.4840
4840.6090  11.2040
4841.7230  13.1670
4842.8390  11.3770
4843.9540  11.5390
4845.0710  12.4770
4846.1850  11.6400
4847.3000  12.6450
4848.4180  12.1450
4849.5330  12.0860
4850.6510  9.9070
4851.7680  11.6970
4852.8860  13.6110
4854.0020  11.5720
4855.1190  11.1970
4856.2390  12.7770
4857.3560  8.5420
4858.4760  12.1400
4859.5940  10.1080
4860.7140  8.5410
4861.8330  8.4980
4862.9510  8.7990
4864.0720  10.9130
4865.1910  10.6430
4866.3130  11.5330
4867.4330  13.1660
4868.5550  10.0410
4869.6750  12.5100
4870.7950  13.1730
4871.9190  11.5110
4873.0400  11.0650
4874.1630  11.8390
4875.2850  11.2780
4876.4090  11.6970
4877.5310  11.4450
4878.6530  11.3490
4879.7780  10.6260
4880.9000  8.2300
4882.0260  8.3620
4883.1490  9.4270
4884.2750  10.9260
4885.3980  10.5180
4886.5220  12.6990
4887.6490  9.9150
4888.7730  10.4410
4889.9010  12.8500
4891.0260  9.8860
4892.1540  8.4520
4893.2790  9.7980
4894.4050  8.8380
4895.5340  8.2270
4896.6600  8.9990
4897.7890  8.6450
4898.9160  9.7230
4900.0450  9.1180
4901.1720  9.7710
4902.3000  8.9690
4903.4310  10.4690
4904.5590  9.9580
4905.6890  10.4500
4906.8180  9.3920
4907.9500  10.0810
4909.0790  10.4710
4910.2080  12.4400
4911.3400  16.2820
4912.4700  13.0980
4913.6030  13.4250
4914.7330  16.2590
4915.8670  13.7450
4916.9980  11.4690
4918.1310  11.3180
4919.2630  11.3790
4920.3950  10.6130
4921.5290  10.5540
4922.6610  10.6950
4923.7960  10.6820
4924.9290  11.2730
4926.0650  12.1150
4927.1980  13.1410
4928.3320  11.3570
4929.4680  13.0160
4930.6020  14.6230
4931.7390  13.2640
4932.8740  14.7450
4934.0110  14.7690
4935.1460  14.7710
4936.2810  11.6590
4937.4190  12.1070
4938.5560  11.9810
4939.6940  12.7780
4940.8310  13.8400
4941.9700  13.2360
4943.1070  13.9160
4944.2440  13.5330
4945.3840  12.9270
4946.5220  12.4330
4947.6630  13.5380
4948.8010  12.3410
4949.9420  13.8490
4951.0810  12.7900
4952.2200  13.1160
4953.3620  12.6740
4954.5010  12.3030
4955.6440  14.0670
4956.7840  12.6870
4957.9270  13.2790
4959.0670  13.2530
4960.2080  12.9580
4961.3520  14.8540
4962.4930  14.1280
4963.6380  15.1790
4964.7790  15.5250
4965.9240  14.6730
4967.0670  14.5550
4968.2090  14.6260
4969.3550  13.4130
4970.4980  12.1670
4971.6450  12.5330
4972.7880  13.3160
4973.9350  13.3440
4975.0790  13.6140
4976.2240  11.6920
4977.3710  13.9250
4978.5160  12.2620
4979.6640  11.0950
4980.8100  16.3370
4981.9580  12.3930
4983.1040  12.6090
4984.2510  12.8590
4985.4000  13.8350
4986.5470  11.4960
4987.6970  9.8200
4988.8440  10.4900
4989.9950  10.6900
4991.1430  8.5070
4992.2910  10.8560
4993.4420  12.6220
4994.5910  12.9440
4995.7430  12.6420
4996.8920  11.5220
4998.0440  12.4470
4999.1940  12.1180
5000.3440  12.2190
5001.4970  12.6790
5002.6470  12.5730
5003.8010  12.5910
5004.9520  12.6160
5006.1060  14.7740
5007.2580  15.8790
5008.4130  13.5890
5009.5650  13.3920
5010.7170  13.0930
5011.8730  11.8350
5013.0260  12.1900
5014.1820  11.7540
5015.3350  12.4460
5016.4920  11.9090
5017.6460  11.3850
5018.8000  13.8180
5019.9580  12.6660
5021.1120  12.6950
5022.2700  12.3120
5023.4260  13.1460
5024.5840  13.9200
5025.7400  14.4570
5026.8960  13.1050
5028.0550  12.4270
5029.2120  12.3780
5030.3720  14.4110
5031.5290  14.2970
5032.6890  14.2410
5033.8470  13.3680
5035.0050  14.9520
5036.1660  13.4230
5037.3250  13.8840
5038.4860  15.1780
5039.6460  14.4360
5040.8080  12.2860
5041.9670  12.4180
5043.1270  15.2990
5044.2900  12.5300
5045.4500  12.0030
5046.6140  12.4450
5047.7750  12.4430
5048.9390  13.5870
5050.1000  14.5100
5051.2620  13.8440
5052.4270  14.6310
5053.5890  15.3920
5054.7540  13.0480
5055.9170  13.7790
5057.0830  12.7070
5058.2470  11.5400
5059.4100  12.7780
5060.5770  14.6890
5061.7410  13.9110
5062.9080  14.7190
5064.0730  14.2220
5065.2410  15.5810
5066.4060  14.5290
5067.5720  15.6010
5068.7400  13.8830
5069.9060  12.4060
5071.0750  13.9140
5072.2420  13.2470
5073.4120  11.0080
5074.5790  12.6880
5075.7460  12.9400
5076.9170  12.6620
5078.0840  12.7760
5079.2550  13.8450
5080.4240  13.8330
5081.5960  15.0630
5082.7650  13.0510
5083.9340  15.2980
5085.1060  15.5840
5086.2760  11.8960
5087.4490  14.7990
5088.6190  13.7150
5089.7920  13.3080
5090.9630  15.2370
5092.1350  13.7640
5093.3090  14.8140
5094.4800  16.2760
5095.6550  14.8630
5096.8280  14.1780
5098.0030  14.7540
5099.1760  15.3960
5100.3520  14.2020
5101.5250  13.0150
5102.6990  14.2080
5103.8750  15.1920
5105.0490  14.8680
5106.2270  14.8020
5107.4010  14.6670
5108.5790  13.8770
5109.7540  14.7700
5110.9300  14.8670
5112.1080  15.9020
5113.2840  15.1820
5114.4630  13.4530
5115.6400  14.6020
5116.8200  14.3230
5117.9970  13.6570
5119.1740  12.4950
5120.3540  13.7310
5121.5330  14.5030
5122.7130  15.6090
5123.8920  13.7350
5125.0740  16.2850
5126.2520  17.7470
5127.4320  17.0520
5128.6140  16.6020
5129.7940  15.9930
5130.9770  17.7980
5132.1570  14.6440
5133.3410  15.8900
5134.5220  15.3910
5135.7030  16.1940
5136.8870  16.3450
5138.0690  15.7280
5139.2540  15.1910
5140.4360  15.5350
5141.6220  16.4050
5142.8040  16.7360
5143.9870  13.9020
5145.1740  16.0320
5146.3570  17.6000
5147.5440  13.4600
5148.7280  13.2010
5149.9160  13.7410
5151.1000  13.4250
5152.2850  12.9660
5153.4730  12.5600
5154.6590  12.7810
5155.8480  12.5770
5157.0340  14.2350
5158.2230  15.2620
5159.4100  12.7620
5160.5960  14.6170
5161.7860  12.5820
5162.9740  14.1720
5164.1650  14.1400
5165.3530  14.6370
5166.5430  14.2010
5167.7320  15.3290
5168.9210  14.2020
5170.1130  14.4510
5171.3020  15.0850
5172.4950  15.8640
5173.6850  16.2560
5174.8780  14.3000
5176.0680  12.2990
5177.2590  14.8850
5178.4530  14.6000
5179.6440  14.2300
5180.8380  14.2600
5182.0300  14.1430
5183.2250  14.0450
5184.4170  14.4080
5185.6100  14.7880
5186.8060  13.4320
5188.0000  14.5080
5189.1960  15.6950
5190.3900  13.3720
5191.5860  14.3400
5192.7810  15.9570
5193.9780  15.7260
5195.1730  15.5930
5196.3680  16.0610
5197.5660  14.4490
5198.7620  15.0900
5199.9610  15.3130
5201.1570  15.9030
5202.3560  14.1090
5203.5530  15.9590
5204.7500  14.7010
5205.9510  14.6510
5207.1480  15.0480
5208.3490  16.1210
5209.5470  14.3960
5210.7490  14.7190
5211.9470  13.7970
5213.1460  12.1040
5214.3480  13.4130
5215.5480  13.9080
5216.7500  14.4720
5217.9510  15.6050
5219.1540  15.4420
5220.3540  13.0720
5221.5560  15.8740
5222.7600  13.7330
5223.9610  13.1640
5225.1660  16.2520
5226.3680  14.6650
5227.5730  14.1850
5228.7750  13.5200
5229.9790  14.3550
5231.1850  14.5340
5232.3880  14.4080
5233.5940  14.7090
5234.7980  14.3400
5236.0050  16.2560
5237.2100  16.8150
5238.4150  14.7820
5239.6230  15.0170
5240.8280  14.4010
5242.0370  15.1020
5243.2430  16.4640
5244.4520  15.3880
5245.6580  16.7230
5246.8650  18.1150
5248.0750  15.9410
5249.2820  15.9360
5250.4930  17.0600
5251.7010  17.1190
5252.9120  16.7400
5254.1200  16.1260
5255.3290  16.5920
5256.5410  16.8690
5257.7500  17.1320
5258.9620  16.8840
5260.1720  16.5500
5261.3850  17.9920
5262.5960  17.0880
5263.8060  15.6870
5265.0200  15.9230
5266.2310  14.8000
5267.4460  16.1880
5268.6570  16.3560
5269.8720  15.4230
5271.0840  16.0570
5272.2970  17.1740
5273.5130  15.4890
5274.7260  15.7890
5275.9420  15.3810
5277.1560  15.5570
5278.3730  16.0160
5279.5870  15.2980
5280.8050  18.3560
5282.0200  16.1290
5283.2350  15.7380
5284.4530  14.4470
5285.6690  14.9900
5286.8880  14.6110
5288.1040  15.3280
5289.3230  13.5650
5290.5400  14.0050
5291.7570  13.8380
5292.9780  14.6060
5294.1950  14.6510
5295.4160  14.6510
5296.6340  14.2150
5297.8550  15.4190
5299.0740  15.4290
5300.2930  16.2040
5301.5160  15.2530
5302.7350  18.2100
5303.9580  17.5490
5305.1780  16.9520
5306.4010  15.7900
5307.6220  15.9930
5308.8430  14.4230
5310.0670  14.4710
5311.2890  14.8430
5312.5140  13.2450
5313.7360  11.8130
5314.9610  14.8530
5316.1840  15.2460
5317.4070  14.8770
5318.6330  14.8920
5319.8570  16.9390
5321.0830  13.2750
5322.3080  16.4470
5323.5350  18.2650
5324.7600  14.3730
5325.9840  15.3510
5327.2130  13.5180
5328.4380  14.1660
5329.6670  16.9590
5330.8930  17.4380
5332.1220  16.6280
5333.3490  18.3390
5334.5760  17.5590
5335.8060  16.5590
5337.0340  16.3930
5338.2640  15.1550
5339.4920  14.8620
5340.7240  15.8400
5341.9520  16.4330
5343.1810  17.0170
5344.4130  14.4370
5345.6430  14.1450
5346.8750  13.1920
5348.1050  15.2710
5349.3390  15.7390
5350.5690  14.2730
5351.8000  16.7280
5353.0340  14.0520
5354.2660  12.8220
5355.5000  15.7900
5356.7320  16.3820
5357.9680  14.2550
5359.2000  15.4170
5360.4330  15.4220
5361.6690  14.8010
5362.9030  14.0570
5364.1390  15.7910
5365.3740  15.6780
5366.6110  15.4980
5367.8450  16.3680
5369.0800  16.0450
5370.3180  16.5080
5371.5540  15.2130
5372.7920  15.5870
5374.0280  15.9030
5375.2680  16.2050
5376.5040  15.6780
5377.7440  16.6310
5378.9810  14.7250
5380.2180  16.1580
5381.4590  15.6070
5382.6970  14.0970
5383.9380  14.2630
5385.1770  15.8430
5386.4190  15.0430
5387.6580  15.2540
5388.8970  15.3080
5390.1400  17.1470
5391.3800  17.4700
5392.6230  16.0870
5393.8640  15.5920
5395.1070  17.7970
5396.3490  17.4460
5397.5900  17.1760
5398.8350  16.6070
5400.0770  15.5900
5401.3220  17.9840
5402.5640  17.2560
5403.8110  16.9470
5405.0540  15.5690
5406.2970  16.3000
5407.5440  12.7530
5408.7880  14.0320
5410.0350  15.2620
5411.2800  16.3160
5412.5270  15.2800
5413.7720  15.0090
5415.0180  16.4390
5416.2670  15.6860
5417.5130  13.1700
5418.7620  13.7440
5420.0080  17.4120
5421.2580  16.3430
5422.5050  16.1430
5423.7530  14.9990
5425.0030  15.4650
5426.2510  12.9690
5427.5030  15.0540
5428.7510  15.7700
5430.0030  16.0180
5431.2520  16.0150
5432.5020  18.6100
5433.7550  17.0850
5435.0050  14.7790
5436.2580  16.3370
5437.5090  15.5530
5438.7630  17.3980
5440.0140  15.9600
5441.2650  15.8240
5442.5200  16.6520
5443.7720  16.2400
5445.0270  15.9410
5446.2800  15.8150
5447.5360  16.2530
5448.7890  15.2880
5450.0420  16.5850
5451.2990  14.5230
5452.5530  14.5170
5453.8110  16.2590
5455.0650  15.0940
5456.3230  16.6470
5457.5790  15.4710
5458.8340  15.2510
5460.0930  15.6830
5461.3490  16.1790
5462.6080  15.6420
5463.8650  14.3000
5465.1250  14.6240
5466.3820  17.0650
5467.6400  15.2230
5468.9000  16.7570
5470.1590  16.7640
5471.4200  15.7690
5472.6790  16.4060
5473.9400  15.1730
5475.2000  14.8380
5476.4620  14.8460
5477.7220  14.8490
5478.9820  16.3370
5480.2460  16.1890
5481.5070  15.4370
5482.7710  17.6200
5484.0320  16.0320
5485.2960  15.8200
5486.5590  16.9260
5487.8210  17.5770
5489.0860  15.4840
5490.3490  15.8850
5491.6150  15.8010
5492.8780  15.2120
5494.1450  17.5470
5495.4090  15.5130
5496.6730  16.0190
5497.9400  14.1550
5499.2060  16.0190
5500.4740  15.6780
5501.7390  15.7880
5503.0070  15.0850
5504.2730  15.5150
5505.5400  15.1420
5506.8100  15.2420
5508.0760  15.2930
5509.3460  14.3820
5510.6140  14.1560
5511.8840  14.5430
5513.1520  16.0910
5514.4210  14.9820
5515.6920  16.2520
5516.9610  15.2460
5518.2330  16.2900
5519.5030  16.5310
5520.7760  17.0410
5522.0460  16.4930
5523.3160  13.6920
5524.5900  17.0600
5525.8610  14.9810
5527.1350  14.6210
5528.4060  15.8090
5529.6810  15.2000
5530.9540  17.1000
5532.2260  18.8390
5533.5010  20.6800
5534.7740  18.7500
5536.0510  16.3770
5537.3240  15.6450
5538.6010  15.2210
5539.8750  12.9430
5541.1500  16.6120
5542.4280  15.9850
5543.7030  14.3820
5544.9810  13.4850
5546.2570  12.7500
5547.5360  14.8320
5548.8120  14.4570
5550.0880  15.1760
5551.3680  14.9400
5552.6450  16.1630
5553.9260  15.8540
5555.2030  14.2030
5556.4840  16.5960
5557.7630  15.4180
5559.0410  15.2320
5560.3230  13.6320
5561.6020  14.2930
5562.8850  15.0330
5564.1650  15.6080
5565.4470  15.1060
5566.7280  14.7340
5568.0080  14.2830
5569.2920  15.7730
5570.5740  16.5870
5571.8580  16.1690
5573.1400  18.3780
5574.4250  16.3830
5575.7080  22.5080
5576.9930  20.1390
5578.2760  -4.7360
5579.5600  14.4970
5580.8460  24.5650
5582.1300  16.8520
5583.4170  17.1420
5584.7020  15.2900
5585.9890  16.3210
5587.2740  17.9230
5588.5600  15.9440
5589.8490  15.2110
5591.1350  16.5310
5592.4240  16.3520
5593.7100  16.4140
5595.0000  16.6540
5596.2880  16.6320
5597.5750  15.6000
5598.8660  15.3140
5600.1540  13.9230
5601.4450  13.8080
5602.7330  14.7460
5604.0250  14.7260
5605.3150  17.4140
5606.6040  15.2580
5607.8970  16.9550
5609.1870  17.0080
5610.4800  16.5250
5611.7710  17.7720
5613.0650  18.2180
5614.3570  16.5500
5615.6480  15.5140
5616.9430  16.3310
5618.2350  15.7620
5619.5310  17.0750
5620.8240  17.2200
5622.1200  16.0230
5623.4130  15.9880
5624.7070  17.3030
5626.0040  18.9310
5627.2980  16.6810
5628.5960  18.2450
5629.8910  16.4880
5631.1890  16.6330
5632.4840  18.4640
5633.7800  18.8480
5635.0790  18.4820
5636.3750  19.0200
5637.6750  20.7990
5638.9720  23.7680
5640.2720  25.1070
5641.5700  31.4500
5642.8680  39.8070
5644.1690  44.0600
5645.4680  45.7340
5646.7700  36.4810
5648.0680  29.7190
5649.3710  25.7170
5650.6700  21.9300
5651.9710  20.4110
5653.2740  17.1590
5654.5740  17.5450
5655.8780  17.8810
5657.1800  16.1800
5658.4840  17.1590
5659.7860  16.5240
5661.0880  16.3720
5662.3930  16.5510
5663.6960  15.5470
5665.0020  16.9160
5666.3050  15.3940
5667.6120  15.0410
5668.9160  14.9100
5670.2200  15.7170
5671.5270  16.1400
5672.8320  16.9960
5674.1400  14.7190
5675.4450  16.2680
5676.7540  16.6600
5678.0600  17.6940
5679.3700  17.0210
5680.6760  18.1730
5681.9830  20.3670
5683.2930  19.2090
5684.6010  17.4720
5685.9110  18.3700
5687.2190  22.4230
5688.5310  21.9740
5689.8390  22.6490
5691.1480  25.6500
5692.4610  29.3380
5693.7710  35.7650
5695.0830  43.5790
5696.3940  61.4740
5697.7070  86.4510
5699.0180  105.2710
5700.3290  92.2140
5701.6430  65.4030
5702.9550  47.6010
5704.2700  38.9060
5705.5830  30.5030
5706.8980  25.1590
5708.2110  20.0980
5709.5240  18.1190
5710.8410  15.7460
5712.1540  15.4130
5713.4720  17.1880
5714.7860  17.0400
5716.1040  16.4260
5717.4190  16.3280
5718.7340  15.6980
5720.0530  14.4560
5721.3690  16.6380
5722.6880  16.5300
5724.0040  15.2980
5725.3240  16.3690
5726.6420  15.0390
5727.9590  18.1190
5729.2800  16.6100
5730.5980  15.6030
5731.9190  14.9720
5733.2380  15.5390
5734.5600  15.9930
5735.8790  14.9090
5737.1990  14.7280
5738.5210  14.7040
5739.8420  15.1200
5741.1660  14.3670
5742.4860  19.2670
5743.8110  14.8930
5745.1320  15.8550
5746.4540  15.2640
5747.7780  16.1140
5749.1010  13.9090
5750.4270  14.3530
5751.7500  16.5910
5753.0760  15.4210
5754.3990  16.6920
5755.7230  16.5890
5757.0500  16.8300
5758.3750  18.6250
5759.7030  14.1240
5761.0270  17.0090
5762.3560  16.1220
5763.6820  16.6370
5765.0080  16.5320
5766.3370  15.9040
5767.6640  15.5710
5768.9940  14.3510
5770.3210  13.2720
5771.6510  13.8870
5772.9790  15.2530
5774.3070  16.0780
5775.6390  16.9410
5776.9670  16.3870
5778.2990  14.7030
5779.6290  15.4340
5780.9610  12.6620
5782.2920  14.2690
5783.6250  12.4080
5784.9560  15.3690
5786.2860  14.3430
5787.6210  15.5470
5788.9520  14.6760
5790.2870  14.7030
5791.6190  15.4290
5792.9550  15.7210
5794.2870  14.8670
5795.6200  15.0910
5796.9570  16.2150
5798.2900  17.5040
5799.6270  16.0000
5800.9610  14.3540
5802.2990  14.2470
5803.6340  14.1000
5804.9690  15.0270
5806.3080  16.3090
5807.6440  16.3830
5808.9820  13.9670
5810.3190  15.8780
5811.6590  15.8250
5812.9960  15.8940
5814.3330  15.8810
5815.6740  15.3350
5817.0120  15.2200
5818.3530  14.3500
5819.6910  13.5550
5821.0340  15.3540
5822.3730  15.5930
5823.7120  16.2530
5825.0550  17.4510
5826.3950  17.5580
5827.7390  17.1100
5829.0790  14.7890
5830.4230  14.4430
5831.7650  16.3570
5833.1060  16.5420
5834.4520  13.5190
5835.7930  12.8740
5837.1400  15.0830
5838.4820  14.3620
5839.8290  13.8760
5841.1720  16.2150
5842.5160  12.4620
5843.8630  14.8120
5845.2080  15.9580
5846.5550  16.3740
5847.9000  15.2600
5849.2490  13.2200
5850.5940  15.0030
5851.9400  13.8630
5853.2900  16.5110
5854.6360  14.5920
5855.9860  15.0560
5857.3330  14.3260
5858.6840  14.3550
5860.0320  17.3840
5861.3800  15.5470
5862.7320  15.2780
5864.0810  16.0140
5865.4330  14.9280
5866.7820  13.8360
5868.1350  15.3290
5869.4850  16.7080
5870.8350  17.6370
5872.1890  18.5380
5873.5400  13.3720
5874.8940  17.3820
5876.2460  14.9980
5877.6010  14.1840
5878.9530  13.8140
5880.3050  12.9120
5881.6610  12.4550
5883.0150  11.7450
5884.3710  10.9550
5885.7250  11.4780
5887.0820  11.5870
5888.4370  13.1360
5889.7940  17.2240
5891.1490  9.0100
5892.5040  11.2700
5893.8630  16.4480
5895.2190  14.0180
5896.5790  11.4800
5897.9350  9.4640
5899.2950  11.7740
5900.6520  14.1840
5902.0100  12.6590
5903.3710  13.3030
5904.7290  13.8750
5906.0900  13.9530
5907.4490  14.4830
5908.8110  16.1360
5910.1700  14.2040
5911.5300  16.7140
5912.8930  15.8440
5914.2530  13.7150
5915.6170  16.9640
5916.9780  17.0390
5918.3430  17.3220
5919.7040  19.4580
5921.0660  16.6450
5922.4310  15.1850
5923.7940  14.7730
5925.1600  14.6580
5926.5230  13.5140
5927.8900  14.1920
5929.2530  14.7300
5930.6170  16.4010
5931.9850  16.3520
5933.3500  14.9020
5934.7180  15.5850
5936.0830  16.7400
5937.4520  16.3280
5938.8180  15.7910
5940.1840  15.4870
5941.5540  14.4700
5942.9200  15.6360
5944.2910  15.3420
5945.6590  16.0580
5947.0300  14.1720
5948.3970  13.7530
5949.7660  13.8680
5951.1380  14.5430
5952.5070  14.9930
5953.8800  14.8770
5955.2500  15.2700
5956.6230  16.2050
5957.9930  16.6010
5959.3640  17.0780
5960.7380  17.8440
5962.1090  17.6690
5963.4840  17.2260
5964.8560  16.6460
5966.2310  18.4050
5967.6040  16.3790
5968.9770  15.3600
5970.3530  16.6930
5971.7270  16.1880
5973.1040  15.5600
5974.4780  15.4050
5975.8550  14.9880
5977.2300  15.9480
5978.6050  15.3660
5979.9840  15.2510
5981.3600  17.3050
5982.7390  17.3480
5984.1150  17.7150
5985.4950  17.6270
5986.8720  15.4270
5988.2500  16.8420
5989.6300  14.8130
5991.0080  12.8190
5992.3900  13.9050
5993.7680  14.2860
5995.1500  13.9730
5996.5300  14.3780
5997.9130  12.7600
5999.2920  15.7520
6000.6720  14.4520
6002.0560  14.3050
6003.4370  15.9960
6004.8210  16.6390
6006.2030  17.2700
6007.5870  15.8460
6008.9700  16.4810
6010.3520  15.7580
6011.7380  15.4470
6013.1210  16.8680
6014.5080  16.5020
6015.8910  16.3130
6017.2780  16.2200
6018.6630  17.8970
6020.0470  17.7050
6021.4360  18.8390
6022.8210  18.0050
6024.2090  17.8040
6025.5960  17.1630
6026.9850  15.8570
6028.3720  16.2240
6029.7580  16.1920
6031.1490  15.4430
6032.5360  16.9550
6033.9270  18.5050
6035.3150  17.9910
6036.7070  17.8200
6038.0960  18.0660
6039.4850  17.9340
6040.8770  18.3510
6042.2670  19.0570
6043.6610  19.0760
6045.0510  19.7780
6046.4450  18.1250
6047.8360  17.2270
6049.2270  17.6290
6050.6220  17.2910
6052.0140  17.3190
6053.4100  18.5500
6054.8020  18.4890
6056.1980  18.1180
6057.5920  17.2140
6058.9850  15.5310
6060.3820  15.5320
6061.7760  16.2350
6063.1740  15.3610
6064.5690  15.9660
6065.9680  16.1500
6067.3630  16.0250
6068.7590  16.5190
6070.1580  17.6710
6071.5550  17.3970
6072.9550  16.5210
6074.3520  16.9590
6075.7530  17.1670
6077.1500  16.3810
6078.5480  15.8880
6079.9500  16.2030
6081.3490  17.4860
6082.7510  16.1820
6084.1500  15.1290
6085.5540  16.4900
6086.9540  15.3570
6088.3540  17.4960
6089.7580  17.5470
6091.1590  17.2450
6092.5630  17.9680
6093.9650  17.7300
6095.3700  19.0830
6096.7720  18.2190
6098.1780  17.9010
6099.5810  18.0450
6100.9840  17.6160
6102.3910  16.8310
6103.7950  17.3530
6105.2030  16.1360
6106.6070  16.8620
6108.0150  17.6550
6109.4200  16.9830
6110.8260  16.4340
6112.2350  15.5840
6113.6410  15.3620
6115.0510  16.4370
6116.4580  16.6850
6117.8680  16.6760
6119.2750  17.2260
6120.6830  17.8590
6122.0950  18.2680
6123.5030  18.1290
6124.9150  17.2040
6126.3240  17.4570
6127.7370  16.8960
6129.1460  17.5250
6130.5570  16.1120
6131.9700  16.8380
6133.3810  17.2840
6134.7950  16.7860
6136.2070  17.2820
6137.6220  16.1870
6139.0340  17.1110
6140.4460  18.2320
6141.8620  16.8160
6143.2750  18.2380
6144.6910  15.7620
6146.1050  16.5810
6147.5220  16.7000
6148.9370  15.2130
6150.3510  16.6280
6151.7690  16.2700
6153.1850  15.6080
6154.6040  15.2210
6156.0190  15.5510
6157.4390  15.9600
6158.8550  16.4150
6160.2720  17.3700
6161.6930  16.4650
6163.1100  18.2250
6164.5310  17.5680
6165.9500  18.1390
6167.3710  16.3550
6168.7900  18.5110
6170.2090  18.0440
6171.6320  17.8760
6173.0520  17.1840
6174.4760  16.8230
6175.8960  18.0290
6177.3200  18.4860
6178.7410  17.4890
6180.1630  16.6460
6181.5870  16.1010
6183.0100  15.9880
6184.4360  17.0460
6185.8580  16.0220
6187.2850  15.6680
6188.7080  18.4640
6190.1320  17.4570
6191.5590  16.8700
6192.9830  17.8520
6194.4120  18.2880
6195.8360  18.4540
6197.2650  17.9220
6198.6910  17.2700
6200.1170  17.2980
6201.5470  18.6050
6202.9730  17.9760
6204.4040  15.5300
6205.8310  16.1900
6207.2620  16.7410
6208.6900  17.1850
6210.1220  17.2460
6211.5500  17.2080
6212.9790  16.8940
6214.4120  16.4200
6215.8420  16.8470
6217.2750  16.4230
6218.7060  16.1200
6220.1390  17.0010
6221.5700  16.4900
6223.0010  16.1860
6224.4370  15.8830
6225.8690  16.3460
6227.3040  17.8250
6228.7370  17.4040
6230.1730  16.4640
6231.6060  15.4820
6233.0400  16.1760
6234.4770  16.1920
6235.9120  14.3190
6237.3500  15.2520
6238.7840  16.7060
6240.2230  16.2710
6241.6590  16.2590
6243.0940  16.6300
6244.5340  16.4930
6245.9710  16.9580
6247.4110  18.0460
6248.8480  18.2770
6250.2890  17.6310
6251.7270  16.9060
6253.1650  16.4440
6254.6070  16.5770
6256.0460  16.2060
6257.4890  16.5480
6258.9280  15.5930
6260.3720  17.5040
6261.8120  16.0630
6263.2520  17.0750
6264.6960  16.6860
6266.1380  15.8290
6267.5830  17.4080
6269.0240  17.0370
6270.4700  16.6040
6271.9130  16.4020
6273.3550  16.5240
6274.8020  16.6740
6276.2460  16.7970
6277.6930  17.5110
6279.1370  17.5360
6280.5850  18.3270
6282.0300  16.8690
6283.4750  18.4780
6284.9240  19.1750
6286.3700  18.1930
6287.8190  17.0740
6289.2660  16.0350
6290.7160  16.5010
6292.1640  17.4430
6293.6110  17.3390
6295.0620  16.7900
6296.5100  16.8830
6297.9620  18.0220
6299.4110  18.0800
6300.8640  14.3420
6302.3130  12.4260
6303.7630  19.0170
6305.2170  21.6910
6306.6670  16.8070
6308.1220  17.6100
6309.5730  17.2660
6311.0280  17.9590
6312.4790  17.6690
6313.9320  17.8630
6315.3880  19.7180
6316.8400  18.0430
6318.2970  17.4900
6319.7510  18.7420
6321.2080  18.4260
6322.6620  18.4660
6324.1200  17.7440
6325.5750  17.3050
6327.0300  17.6000
6328.4890  16.7480
6329.9450  17.0920
6331.4050  17.3440
6332.8610  17.6680
6334.3220  18.2850
6335.7790  17.0250
6337.2360  16.9700
6338.6980  16.9240
6340.1560  16.7840
6341.6180  16.8410
6343.0770  18.7220
6344.5400  18.1820
6345.9990  17.3940
6347.4590  17.3740
6348.9230  18.2420
6350.3830  17.6160
6351.8480  16.9860
6353.3090  17.2770
6354.7740  16.7340
6356.2360  16.2980
6357.6980  16.5630
6359.1640  16.5470
6360.6270  15.4530
6362.0940  17.0040
6363.5580  15.9600
6365.0250  15.3370
6366.4890  15.0180
6367.9540  17.4740
6369.4220  17.1510
6370.8880  16.0240
6372.3560  17.4350
6373.8230  16.9530
6375.2920  16.4550
6376.7590  15.7520
6378.2260  16.4530
6379.6970  17.3540
6381.1650  17.6990
6382.6360  18.7770
6384.1040  18.3400
6385.5760  17.9390
6387.0450  17.5210
6388.5150  17.9330
6389.9880  17.0190
6391.4580  17.8250
6392.9320  17.4030
6394.4020  17.5150
6395.8770  17.2170
6397.3480  15.9890
6398.8200  16.3450
6400.2950  15.7000
6401.7680  16.3820
6403.2440  18.1830
6404.7170  17.5270
6406.1940  17.4980
6407.6680  17.7930
6409.1420  16.7680
6410.6200  17.2330
6412.0950  17.8950
6413.5730  17.1000
6415.0490  17.3710
6416.5280  16.3810
6418.0040  16.4850
6419.4800  17.5450
6420.9610  16.4570
6422.4380  16.4980
6423.9190  17.0340
6425.3970  17.1650
6426.8780  17.8050
6428.3570  17.7840
6429.8360  17.7940
6431.3180  17.7550
6432.7980  16.9090
6434.2810  17.9090
6435.7620  15.9670
6437.2460  15.6870
6438.7270  17.9790
6440.2110  18.3680
6441.6930  18.1440
6443.1750  16.2600
6444.6610  16.3560
6446.1430  15.1960
6447.6290  16.7810
6449.1130  17.0380
6450.6000  17.0420
6452.0840  17.6100
6453.5680  18.3410
6455.0570  18.0290
6456.5420  19.1330
6458.0300  17.3150
6459.5160  18.0910
6461.0050  17.8840
6462.4920  17.8520
6463.9790  18.3480
6465.4690  17.5750
6466.9570  17.3860
6468.4480  17.3700
6469.9360  17.2980
6471.4280  17.2190
6472.9170  16.6470
6474.4060  16.8990
6475.8980  16.4920
6477.3880  17.0170
6478.8820  18.2560
6480.3730  17.8790
6481.8670  17.5840
6483.3580  18.1810
6484.8500  17.8770
6486.3450  16.4050
6487.8370  17.5110
6489.3330  18.2180
6490.8260  16.5320
6492.3230  17.2470
6493.8160  17.6180
6495.3100  15.6970
6496.8080  15.0460
6498.3030  16.0350
6499.8010  15.8790
6501.2960  16.0470
6502.7950  17.6810
6504.2920  18.4260
6505.7880  18.5040
6507.2880  18.9540
6508.7850  18.2470
6510.2860  18.9310
6511.7840  20.1850
6513.2850  18.8130
6514.7840  19.2090
6516.2820  18.4190
6517.7850  18.3710
6519.2840  16.6530
6520.7880  18.1380
6522.2880  20.5370
6523.7920  18.4940
6525.2920  17.8170
6526.7940  18.6110
6528.2990  18.7190
6529.8010  18.0920
6531.3060  19.0740
6532.8090  18.8750
6534.3150  17.2090
6535.8180  18.2600
6537.3220  18.8330
6538.8300  17.3380
6540.3340  17.9630
6541.8420  18.5480
6543.3470  18.7200
6544.8560  17.9420
6546.3610  17.9360
6547.8680  17.8520
6549.3770  16.8570
6550.8840  18.3590
6552.3950  17.7880
6553.9020  17.7480
6555.4140  18.7570
6556.9210  16.9670
6558.4340  19.2030
6559.9420  18.0320
6561.4510  18.1420
6562.9640  17.4290
6564.4740  18.1740
6565.9880  17.8260
6567.4990  17.2490
6569.0130  17.6230
6570.5240  17.6290
6572.0360  17.4570
6573.5510  18.2450
6575.0630  18.3250
6576.5800  17.0120
6578.0920  16.9420
6579.6090  16.8790
6581.1230  16.2020
6582.6370  17.7560
6584.1550  17.3260
6585.6690  16.8440
6587.1880  16.8460
6588.7040  17.7310
6590.2230  18.6360
6591.7390  17.7070
6593.2550  19.5720
6594.7760  19.2620
6596.2930  18.6880
6597.8140  19.2530
6599.3320  18.6340
6600.8540  17.7610
6602.3720  18.3150
6603.8910  18.1690
6605.4140  17.9770
6606.9340  18.1670
6608.4570  17.6170
6609.9770  17.9390
6611.5010  18.7560
6613.0220  18.6280
6614.5440  18.4410
6616.0690  17.7970
6617.5910  18.0420
6619.1170  18.8240
6620.6400  18.0330
6622.1670  18.4760
6623.6900  17.6670
6625.2140  18.6340
6626.7420  17.9560
6628.2660  17.6370
6629.7940  18.1170
6631.3200  17.6670
6632.8490  18.2350
6634.3750  18.4710
6635.9010  18.9730
6637.4310  18.4160
6638.9580  17.6280
6640.4890  18.7850
6642.0170  18.0890
6643.5480  17.5050
6645.0770  18.1640
6646.6050  18.0830
6648.1380  19.2870
6649.6670  18.7650
6651.2010  17.5920
6652.7310  18.8100
6654.2650  19.1040
6655.7960  18.5310
6657.3270  18.2600
6658.8620  18.4130
6660.3940  17.2010
6661.9300  17.2350
6663.4620  18.5730
6664.9990  17.5020
6666.5320  16.3610
6668.0660  18.1360
6669.6040  15.9710
6671.1380  16.8890
6672.6760  18.0030
6674.2110  17.3140
6675.7500  16.5800
6677.2860  18.0700
6678.8260  19.2060
6680.3620  17.1710
6681.8990  18.2650
6683.4400  18.5180
6684.9780  18.5990
6686.5190  18.7300
6688.0570  18.6270
6689.6000  17.6370
6691.1380  18.8490
6692.6780  18.7420
6694.2210  17.8410
6695.7610  18.2720
6697.3050  18.0810
6698.8460  17.0240
6700.3910  15.7580
6701.9320  15.8170
6703.4740  15.1460
6705.0200  14.5060
6706.5620  13.9510
6708.1080  15.4610
6709.6520  15.3310
6711.1990  15.8780
6712.7430  15.5400
6714.2870  17.5630
6715.8350  17.4020
6717.3800  17.1600
6718.9290  17.6890
6720.4750  18.9170
6722.0250  16.6380
6723.5710  17.9290
6725.1180  17.9530
6726.6680  18.3270
6728.2160  18.7000
6729.7680  18.5600
6731.3160  18.3590
6732.8680  16.8350
6734.4170  17.7600
6735.9660  17.9920
6737.5200  17.9140
6739.0690  18.1780
6740.6240  19.1480
6742.1740  19.0000
6743.7290  17.7940
6745.2800  18.0900
6746.8320  18.2320
6748.3880  17.5350
6749.9400  17.8130
6751.4970  17.8140
6753.0500  17.7240
6754.6070  19.3750
6756.1610  18.0050
6757.7150  18.2170
6759.2730  19.2970
6760.8290  18.5300
6762.3880  17.9980
6763.9430  18.3650
6765.5030  18.3070
6767.0600  18.4870
6768.6160  17.5060
6770.1770  17.2270
6771.7340  19.2750
6773.2960  16.2490
6774.8540  16.8040
6776.4170  16.7000
6777.9760  18.5190
6779.5350  18.3090
6781.0980  18.0000
6782.6580  17.6020
6784.2220  17.9160
6785.7830  18.6050
6787.3480  16.8010
6788.9090  18.3650
6790.4710  19.0400
6792.0370  17.9260
6793.5990  17.2070
6795.1660  18.2490
6796.7290  19.1900
6798.2960  18.4710
6799.8600  17.7570
6801.4280  17.8630
6802.9930  18.2860
6804.5580  17.8600
6806.1270  17.7330
6807.6930  17.8760
6809.2630  17.8680
6810.8290  17.7380
6812.3990  16.4660
6813.9670  16.1270
6815.5340  16.4390
6817.1060  17.9550
6818.6740  18.8570
6820.2470  17.3390
6821.8150  18.8620
6823.3890  18.0900
6824.9580  17.6910
6826.5280  18.9190
6828.1030  17.4250
6829.6730  17.0380
6831.2490  18.8650
6832.8200  19.6680
6834.3960  18.4630
6835.9680  17.2710
6837.5410  19.1700
6839.1170  18.2680
6840.6900  17.6390
6842.2680  17.7760
6843.8420  17.1380
6845.4200  17.6710
6846.9950  18.2570
6848.5700  17.8690
6850.1490  17.2980
6851.7250  16.6160
6853.3050  17.1810
6854.8820  18.1570
6856.4620  17.0660
6858.0400  17.6210
6859.6180  19.0230
6861.1990  18.3860
6862.7780  17.9760
6864.3600  17.8920
6865.9390  16.7430
6867.5220  16.8120
6869.1030  18.8970
6870.6830  18.4860
6872.2670  16.7830
6873.8480  17.7450
6875.4330  18.1890
6877.0150  17.7530
6878.6010  18.3390
6880.1830  18.4710
6881.7660  18.3220
6883.3530  17.8230
6884.9360  17.5830
6886.5240  18.4230
6888.1080  18.8250
6889.6960  18.4300
6891.2810  17.6230
6892.8670  16.8590
6894.4560  17.3720
6896.0420  19.0070
6897.6320  18.2250
6899.2190  18.4960
6900.8110  18.1660
6902.3980  18.4240
6903.9860  18.9300
6905.5780  18.8370
6907.1670  19.7780
6908.7590  18.6860
6910.3490  18.9170
6911.9420  18.2040
6913.5320  18.3200
6915.1230  19.9150
6916.7170  18.7310
6918.3080  18.3650
6919.9040  18.5880
6921.4960  18.6390
6923.0920  18.9960
6924.6850  18.8550
6926.2810  19.3840
6927.8750  20.3040
6929.4680  19.5290
6931.0660  18.0470
6932.6610  17.7350
6934.2590  17.8540
6935.8540  17.5650
6937.4540  17.6030
6939.0500  18.2720
6940.6460  17.7430
6942.2470  17.0380
6943.8440  17.8020
6945.4450  17.3830
6947.0430  17.6420
6948.6450  19.1690
6950.2430  17.6170
6951.8420  16.5900
6953.4450  17.2710
6955.0450  17.5020
6956.6490  18.3020
6958.2490  19.2130
6959.8540  18.0570
6961.4550  18.1700
6963.0560  17.4290
6964.6620  17.5480
6966.2640  17.5730
6967.8710  17.9880
6969.4740  17.3310
6971.0810  18.6420
6972.6840  18.3350
6974.2890  17.4900
6975.8960  17.4010
6977.5010  19.1140
6979.1100  17.3660
6980.7160  16.6880
6982.3260  17.7370
6983.9320  17.8070
6985.5390  16.9950
6987.1490  16.7700
6988.7570  18.5010
6990.3690  17.4830
6991.9770  16.8040
6993.5890  18.3210
6995.1980  17.4060
6996.8070  17.5460
6998.4200  17.4470
7000.0300  16.4150
7001.6450  17.3420
7003.2550  18.3700
7004.8700  16.3930
7006.4820  17.4270
7008.0940  16.2430
7009.7090  16.2310
7011.3220  17.4860
7012.9390  14.7020
7014.5520  16.1390
7016.1700  14.1900
7017.7840  16.2600
7019.3980  16.4370
7021.0170  15.7370
7022.6320  17.6420
7024.2510  16.8530
7025.8680  16.7790
7027.4880  17.6390
7029.1040  16.0940
7030.7210  16.4360
7032.3430  18.0840
7033.9600  17.4310
7035.5830  16.9860
7037.2010  18.1360
7038.8240  17.5020
7040.4430  17.4750
7042.0660  17.0300
7043.6870  16.5650
7045.3070  17.2270
7046.9320  17.3700
7048.5530  17.0580
7050.1780  17.0660
7051.8000  17.7050
7053.4260  18.2130
7055.0490  16.6270
7056.6720  16.4020
7058.2990  16.9180
7059.9230  17.4890
7061.5510  17.5980
7063.1750  17.3950
7064.8040  17.2970
7066.4290  16.6010
7068.0550  17.5300
7069.6850  17.5620
7071.3110  16.1320
7072.9420  16.1190
7074.5690  16.3530
7076.2000  15.4980
7077.8280  16.8710
7079.4560  16.1640
7081.0890  16.1540
7082.7180  17.1940
7084.3510  16.9830
7085.9810  16.5260
7087.6150  16.5330
7089.2450  15.9320
7090.8760  17.0520
7092.5110  16.7150
7094.1430  16.1650
7095.7790  16.5840
7097.4110  17.6130
7099.0480  15.6610
7100.6810  16.7800
7102.3140  17.2090
7103.9520  16.6680
7105.5860  15.8800
7107.2250  16.9780
7108.8600  16.5460
7110.5000  15.5970
7112.1350  16.4480
7113.7710  17.1570
7115.4120  16.3300
7117.0480  16.0010
7118.6900  15.0360
7120.3270  15.5210
7121.9690  16.3440
7123.6080  15.4080
7125.2470  16.1540
7126.8900  16.1290
7128.5290  15.8110
7130.1730  17.0740
7131.8130  16.6950
7133.4580  18.0700
7135.0990  16.7530
7136.7400  17.0370
7138.3860  17.2740
7140.0280  18.4510
7141.6750  17.9210
7143.3170  17.9070
7144.9650  17.9440
7146.6080  16.9730
7148.2520  18.8530
7149.9010  17.1940
7151.5460  19.1020
7153.1950  17.2540
7154.8400  17.8120
7156.4900  18.2710
7158.1370  19.9220
7159.7830  18.1310
7161.4350  17.3740
7163.0820  17.6780
7164.7340  18.3360
7166.3820  18.9280
7168.0350  18.4400
7169.6840  19.9550
7171.3370  20.3930
7172.9860  21.2580
7174.6370  19.8570
7176.2910  18.8200
7177.9420  17.5060
7179.5970  18.5020
7181.2490  17.4520
7182.9050  18.7500
7184.5570  18.6360
7186.2100  18.3430
7187.8670  16.3310
7189.5210  16.8120
7191.1790  16.3120
7192.8330  18.0930
7194.4920  17.4210
7196.1460  17.0220
7197.8020  17.6800
7199.4620  17.7470
7201.1180  18.1960
7202.7790  17.6370
7204.4360  19.0190
7206.0970  17.7740
7207.7550  17.2160
7209.4130  17.7970
7211.0760  16.8970
7212.7340  16.4320
7214.3970  15.9660
7216.0570  17.9270
7217.7210  17.8050
7219.3820  17.7970
7221.0420  16.6210
7222.7080  18.2840
7224.3690  17.8670
7226.0350  17.5780
7227.6970  17.8390
7229.3640  18.4450
7231.0270  17.6990
7232.6910  16.8320
7234.3580  17.2350
7236.0230  17.3020
7237.6910  17.8660
7239.3560  16.7190
7241.0260  15.5800
7242.6920  18.2990
7244.3580  19.0030
7246.0280  18.9730
7247.6950  16.3180
7249.3670  18.3370
7251.0340  19.1860
7252.7070  17.9140
7254.3750  19.5990
7256.0440  16.7220
7257.7170  17.8230
7259.3870  17.1890
7261.0610  18.2470
7262.7310  15.6840
7264.4060  18.0430
7266.0770  18.6240
7267.7490  18.7340
7269.4240  17.8770
7271.0970  17.5840
7272.7730  17.9390
7274.4460  17.3720
7276.1240  17.4180
7277.7980  16.6910
7279.4720  15.8430
7281.1510  18.6230
7282.8260  16.8300
7284.5050  17.8740
7286.1810  18.7560
7287.8610  18.5450
7289.5380  17.9750
7291.2150  17.8280
7292.8960  17.7900
7294.5740  17.2960
7296.2560  16.9890
7297.9340  16.6850
7299.6170  18.4110
7301.2960  17.8950
7302.9800  18.0740
7304.6600  16.7980
7306.3410  16.4760
7308.0250  17.7910
7309.7070  16.9100
7311.3920  18.3520
7313.0740  18.4540
7314.7610  17.8010
7316.4430  17.5010
7318.1260  14.7560
7319.8140  17.2240
7321.4980  18.8660
7323.1860  17.8470
7324.8710  18.3650
7326.5600  18.8780
7328.2460  19.2960
7329.9310  17.8520
7331.6220  17.5830
7333.3080  18.0290
7335.0000  17.3500
7336.6870  18.5670
7338.3780  18.7670
7340.0670  18.5290
7341.7550  17.5380
7343.4480  14.5440
7345.1380  16.6450
7346.8320  17.8980
7348.5210  17.6890
7350.2160  16.7120
7351.9070  17.9320
7353.5980  17.5970
7355.2940  17.5070
7356.9860  16.4390
7358.6830  18.6830
7360.3750  18.7340
7362.0730  18.0360
7363.7660  17.2170
7365.4600  19.1450
7367.1590  19.2930
7368.8540  19.1750
7370.5530  17.7240
7372.2490  16.6920
7373.9490  18.3100
7375.6450  18.7550
7377.3420  17.3010
7379.0430  17.7830
7380.7400  17.4610
7382.4420  17.3410
7384.1410  17.1110
7385.8430  19.4260
7387.5420  17.3620
7389.2420  18.6710
7390.9460  16.8580
7392.6460  17.8430
7394.3510  16.0110
7396.0520  16.4700
7397.7570  17.3560
7399.4590  18.1650
7401.1620  19.5870
7402.8680  18.8470
7404.5710  18.0970
7406.2790  18.0870
7407.9820  17.4030
7409.6910  17.8860
7411.3960  18.2410
7413.1010  16.7640
7414.8100  17.6960
7416.5160  18.8880
7418.2260  17.2780
7419.9330  17.2070
7421.6440  17.1730
7423.3510  16.9990
7425.0590  18.9020
7426.7710  18.0050
7428.4790  18.5640
7430.1920  18.4350
7431.9010  17.2190
7433.6150  18.1830
7435.3250  19.2910
7437.0400  19.5990
7438.7510  20.3220
7440.4620  18.3740
7442.1780  19.1040
7443.8900  21.5510
7445.6060  20.4400
7447.3190  20.8280
7449.0370  23.6800
7450.7500  27.7480
7452.4640  30.0170
7454.1830  29.8400
7455.8980  29.0150
7457.6170  23.2770
7459.3330  23.0890
7461.0530  23.4860
7462.7690  25.4450
7464.4860  25.5240
7466.2070  29.7720
7467.9250  35.6640
7469.6470  39.4700
7471.3650  38.3420
7473.0880  34.5100
7474.8080  28.6660
7476.5270  24.3930
7478.2510  24.4990
7479.9710  21.4130
7481.6960  21.1820
7483.4170  23.0200
7485.1430  24.6290
7486.8650  27.9250
7488.5870  29.8830
7490.3140  37.0540
7492.0370  44.5590
7493.7650  48.1850
7495.4890  43.5380
7497.2170  37.1040
7498.9420  29.5180
7500.6670  25.9510
7502.3970  22.7490
7504.1230  22.4930
7505.8530  20.8700
7507.5800  19.0900
7509.3110  19.6900
7511.0390  18.7800
7512.7670  18.5250
7514.4990  17.7840
7516.2280  17.6940
7517.9610  17.2660
7519.6900  18.3770
7521.4240  18.2040
7523.1550  19.5290
7524.8850  16.9990
7526.6210  18.5020
7528.3520  19.6230
7530.0880  17.8960
7531.8200  18.3680
7533.5570  18.7050
7535.2910  17.9450
7537.0240  19.8750
7538.7620  18.0850
7540.4960  17.7320
7542.2350  17.8240
7543.9700  16.7960
7545.7090  17.4770
7547.4450  17.1590
7549.1820  18.0260
7550.9230  17.8510
7552.6600  16.9890
7554.4010  17.5780
7556.1390  18.1170
7557.8820  18.8850
7559.6200  16.8250
7561.3590  18.5350
7563.1030  18.1420
7564.8430  19.1890
7566.5870  17.8940
7568.3280  17.5090
7570.0730  18.1780
7571.8150  18.3010
7573.5610  18.8840
7575.3030  19.4380
7577.0460  18.2290
7578.7930  16.9120
7580.5370  17.6600
7582.2850  16.9540
7584.0290  17.2820
7585.7780  17.0200
7587.5230  17.4480
7589.2690  17.3410
7591.0190  17.4810
7592.7650  18.6730
7594.5160  16.5590
7596.2630  16.7730
7598.0140  16.8290
7599.7620  16.9110
7601.5110  17.3180
7603.2640  19.3300
7605.0130  18.2940
7606.7660  20.2020
7608.5160  16.8310
7610.2710  17.4570
7612.0210  16.9410
7613.7720  18.0010
7615.5280  19.3230
7617.2800  17.0850
7619.0370  17.1480
7620.7900  17.4650
7622.5470  17.4090
7624.3000  17.2350
7626.0540  16.9710
7627.8130  16.5730
7629.5680  16.0790
7631.3270  15.6920
7633.0830  18.6040
7634.8430  17.8680
7636.5990  18.1560
7638.3560  19.5760
7640.1170  19.5540
7641.8750  20.7140
7643.6370  22.9220
7645.3960  25.1790
7647.1590  22.4450
7648.9180  20.8160
7650.6770  22.4280
7652.4420  21.3580
7654.2020  18.4530
7655.9670  20.1140
7657.7290  20.3020
7659.4940  22.9350
7661.2560  24.8710
7663.0190  24.0800
7664.7860  19.8950
7666.5490  19.5540
7668.3170  18.4350
7670.0810  17.1060
7671.8500  17.5870
7673.6150  16.8670
7675.3800  18.0610
7677.1500  17.3900
7678.9160  16.9640
7680.6870  16.8970
7682.4540  16.9780
7684.2250  16.3960
7685.9930  17.4200
7687.7610  17.5770
7689.5340  16.9510
7691.3030  17.3710
7693.0770  17.9500
7694.8460  18.3040
7696.6210  17.9550
7698.3910  16.6830
7700.1620  17.3610
7701.9380  15.8770
7703.7100  17.9380
7705.4860  16.1700
7707.2590  18.1800
7709.0360  17.2470
7710.8100  18.1570
7712.5880  19.8740
7714.3620  16.4450
7716.1370  18.2420
7717.9160  18.1550
7719.6910  17.7950
7721.4720  17.5450
7723.2480  17.5730
7725.0290  16.4420
7726.8060  16.0180
7728.5830  16.7550
7730.3660  16.5830
7732.1440  16.2750
7733.9270  17.2150
7735.7070  16.6170
7737.4900  18.2200
7739.2700  16.6080
7741.0510  17.1230
7742.8350  17.2440
7744.6170  16.5420
7746.4030  17.4250
7748.1850  16.7200
7749.9720  19.3960
7751.7540  16.7160
7753.5380  16.0750
7755.3260  18.1340
7757.1100  17.5950
7758.8980  17.7340
7760.6840  14.6910
7762.4730  15.4930
7764.2590  17.2850
7766.0450  17.1680
7767.8360  17.7590
7769.6230  17.9130
7771.4150  17.6470
7773.2020  16.6880
7774.9950  17.7000
7776.7830  17.6300
7778.5720  16.2120
7780.3660  17.9100
7782.1560  17.4810
7783.9510  15.6110
7785.7410  15.7680
7787.5370  17.4170
7789.3280  17.1900
7791.1200  18.2140
7792.9170  17.9110
7794.7090  17.3200
7796.5070  14.6960
7798.3000  17.3070
7800.0990  18.6590
7801.8930  17.0010
7803.6880  17.3030
7805.4870  16.8910
7807.2830  19.0460
7809.0830  18.2950
7810.8800  15.4300
7812.6810  17.3260
7814.4790  18.8490
7816.2760  15.8440
7818.0790  18.3480
7819.8770  17.4680
7821.6800  18.7750
7823.4790  14.3690
7825.2840  17.3230
7827.0840  18.3200
7828.8840  17.5790
7830.6900  16.7490
7832.4910  17.4010
7834.2970  17.7200
7836.1000  18.4270
7837.9070  16.7800
7839.7100  18.2160
7841.5130  17.8160
7843.3210  16.0000
7845.1260  18.2860
7846.9350  17.4030
7848.7400  16.8020
7850.5500  18.8420
7852.3560  19.9250
7854.1670  14.7770
7855.9740  17.8440
7857.7810  17.1720
7859.5930  18.2850
7861.4010  16.1600
7863.2140  16.8290
7865.0220  16.7540
7866.8360  18.3610
7868.6460  17.6860
7870.4560  18.3780
7872.2710  17.8320
7874.0820  19.9510
7875.8980  17.7750
7877.7100  17.9340
7879.5260  17.9760
7881.3390  15.4830
7883.1520  17.9180
7884.9700  17.3920
7886.7840  16.5220
7888.6030  17.3940
7890.4170  17.2540
7892.2370  15.6570
7894.0520  16.9720
7895.8690  18.3220
7897.6890  17.1140
7899.5060  17.9440
7901.3280  18.4140
7903.1460  18.5750
7904.9680  16.7790
7906.7860  17.8160
7908.6050  17.3070
7910.4290  17.1900
7912.2490  17.4870
7914.0730  17.1290
7915.8940  14.1630
7917.7190  17.7930
7919.5410  19.5860
7921.3630  16.5670
7923.1890  15.4920
7925.0120  17.4880
7926.8390  18.4430
7928.6630  16.6890
7930.4910  17.1230
7932.3160  18.4130
7934.1410  18.3820
7935.9700  16.4270
7937.7960  16.3000
7939.6260  17.4660
7941.4530  15.6520
7943.2840  16.8440
7945.1110  17.4680
7946.9390  16.1210
7948.7720  18.8010
7950.6010  17.1160
7952.4340  18.5180
7954.2630  17.8450
7956.0980  18.5420
7957.9280  18.3140
7959.7580  16.7160
7961.5940  16.5800
7963.4250  18.9640
7965.2620  16.1400
7967.0940  17.7540
7968.9320  18.2680
7970.7650  17.8760
7972.5980  16.7080
7974.4370  18.6050
7976.2710  16.9110
7978.1110  17.4050
7979.9460  17.0430
7981.7860  18.8060
7983.6230  17.3910
7985.4590  16.1460
7987.3000  16.1170
7989.1380  16.3420
7990.9800  16.7920
7992.8180  17.3520
7994.6620  18.0080
7996.5000  19.9790
7998.3450  21.5310
8000.1850  19.4130
8002.0250  17.2290
8003.8710  17.7220
8005.7110  18.1310
8007.5580  16.6540
8009.4000  18.2270
8011.2470  17.6440
8013.0900  17.6610
8014.9330  17.0090
8016.7810  17.2360
8018.6250  18.0660
8020.4750  19.2170
8022.3200  18.5170
8024.1700  17.3770
8026.0160  18.2970
8027.8620  16.4400
8029.7130  15.1620
8031.5610  17.4230
8033.4130  17.3410
8035.2610  16.3890
8037.1140  16.5790
8038.9620  16.3570
8040.8120  16.2950
8042.6660  16.7280
8044.5160  16.4750
8046.3710  17.3010
8048.2220  17.7840
8050.0780  18.5790
8051.9300  16.5290
8053.7830  16.5910
8055.6400  17.5740
8057.4930  19.0200
8059.3510  18.7170
8061.2050  17.0250
8063.0640  16.1190
8064.9190  15.9880
8066.7740  17.0280
8068.6340  15.7540
8070.4900  18.3130
8072.3520  17.8780
8074.2080  16.4550
8076.0700  16.3240
8077.9280  17.5560
8079.7870  16.4970
8081.6500  15.7220
8083.5090  16.5250
8085.3730  18.8040
8087.2330  17.0550
8089.0980  16.9150
8090.9590  17.1190
8092.8200  17.3150
8094.6870  18.1290
8096.5480  16.3850
8098.4160  15.8800
8100.2790  16.2570
8102.1460  16.8760
8104.0100  15.6940
8105.8750  16.0550
8107.7440  17.0680
8109.6090  17.2940
8111.4790  15.4590
8113.3450  14.7910
8115.2160  16.6360
8117.0830  16.4880
8118.9500  16.8610
8120.8230  19.5600
8122.6910  17.3390
8124.5640  17.8750
8126.4330  16.7150
8128.3070  17.1470
8130.1770  16.9620
8132.0510  17.1380
8133.9220  16.5730
8135.7930  16.3110
8137.6690  15.5190
8139.5420  16.5550
8141.4180  16.2610
8143.2920  16.5290
8145.1690  16.3780
8147.0430  15.2330
8148.9170  16.0830
8150.7960  15.9950
8152.6710  15.2380
8154.5510  15.4160
8156.4270  16.3050
8158.3080  15.5730
8160.1850  15.9260
8162.0620  15.5990
8163.9440  18.3740
8165.8230  17.4630
8167.7060  14.8520
8169.5840  15.6840
8171.4680  16.5120
8173.3480  17.1130
8175.2290  15.1420
8177.1140  14.5700
8178.9950  16.6010
8180.8810  15.3390
8182.7630  15.0060
8184.6500  15.6620
8186.5330  14.8350
8188.4160  14.8840
8190.3040  15.4710
8192.1880  17.2030
8194.0770  16.2710
8195.9630  16.0640
8197.8530  17.5880
8199.7380  16.0530
8201.6250  16.1610
8203.5160  14.4380
8205.4030  14.8440
8207.2960  16.9280
8209.1840  17.3950
8211.0760  15.3140
8212.9660  16.1320
8214.8540  15.7540
8216.7490  15.9780
8218.6400  17.0290
8220.5340  16.7290
8222.4260  17.2580
8224.3220  17.1750
8226.2140  14.6940
8228.1060  15.3170
8230.0040  16.5750
8231.8960  17.9780
8233.7950  15.9310
8235.6890  17.0140
8237.5890  16.5900
8239.4830  17.1030
8241.3790  17.3420
8243.2790  14.9570
8245.1760  17.7280
8247.0770  18.0400
8248.9750  18.3660
8250.8770  18.3970
8252.7740  18.2800
8254.6730  16.7310
8256.5770  16.0450
8258.4770  17.2710
8260.3810  18.0590
8262.2810  16.7510
8264.1870  17.1340
8266.0870  16.5840
8267.9890  17.4580
8269.8960  16.4440
8271.7980  16.8420
8273.7050  18.0730
8275.6080  18.1160
8277.5170  18.1490
8279.4210  18.5630
8281.3300  16.3730
8283.2350  15.0800
8285.1420  14.4630
8287.0520  18.9720
8288.9580  13.3330
8290.8690  12.9590
8292.7770  13.9690
8294.6890  18.1220
8296.5980  16.5720
8298.5060  16.0430
8300.4200  16.8660
8302.3290  16.7030
8304.2430  19.0850
8306.1540  16.8260
8308.0690  16.7850
8309.9800  15.9350
8311.8930  16.0200
8313.8090  15.6930
8315.7220  15.1280
8317.6400  16.6640
8319.5530  17.2520
8321.4710  16.5870
8323.3860  17.0370
8325.3000  17.4920
8327.2200  17.7410
8329.1360  19.3370
8331.0570  18.8550
8332.9730  17.3140
8334.8950  17.9200
8336.8120  16.4360
8338.7290  18.1960
8340.6520  19.4510
8342.5710  19.3740
8344.4950  16.4490
8346.4150  17.0010
8348.3400  18.5750
8350.2600  21.9220
8352.1810  18.6610
8354.1070  17.8540
8356.0290  17.8640
8357.9560  18.0860
8359.8790  18.6740
8361.8070  18.1970
8363.7290  17.2140
8365.6540  17.1450
8367.5830  15.7960
8369.5080  17.0540
8371.4380  15.5410
8373.3640  17.6440
8375.2950  16.2430
8377.2220  15.1990
8379.1480  16.9090
8381.0810  18.0760
8383.0090  15.8210
8384.9420  17.2340
8386.8710  18.4830
8388.8050  16.9250
8390.7340  16.3090
8392.6650  19.4200
8394.6010  17.2730
8396.5310  17.7080
8398.4680  19.0850
8400.3990  21.9270
8402.3370  18.6060
8404.2700  19.3410
8406.2030  16.4430
8408.1420  16.6690
8410.0760  17.0480
8412.0160  16.8800
8413.9500  17.0540
8415.8910  16.0400
8417.8270  17.6780
8419.7640  18.3760
8421.7050  17.0960
8423.6430  15.5640
8425.5850  17.8590
8427.5230  18.7530
8429.4670  21.0420
8431.4050  20.6170
8433.3500  19.1520
8435.2900  16.5020
8437.2300  17.3240
8439.1760  17.5380
8441.1170  16.4050
8443.0640  18.0620
8445.0060  16.4360
8446.9540  16.6570
8448.8960  17.6660
8450.8410  16.9310
8452.7890  17.8110
8454.7340  19.1230
8456.6840  17.7520
8458.6290  18.4240
8460.5790  19.1900
8462.5250  18.8320
8464.4730  18.2400
8466.4250  18.0870
8468.3720  16.2730
8470.3250  18.3200
8472.2730  18.1480
8474.2280  18.0710
8476.1770  18.9120
8478.1270  18.5830
8480.0820  18.8480
8482.0320  16.2830
8483.9880  19.0140
8485.9400  18.2000
8487.8970  18.4220
8489.8500  17.1570
8491.8030  18.1050
8493.7610  17.6070
8495.7150  17.8320
8497.6740  17.8260
8499.6290  17.4140
8501.5890  18.3390
8503.5450  19.3640
8505.5010  15.5690
8507.4620  19.1710
8509.4200  18.3110
8511.3820  16.6670
8513.3400  18.8760
8515.3030  18.8190
8517.2620  18.2570
8519.2220  18.9240
8521.1860  16.7710
8523.1460  17.9540
8525.1110  16.3270
8527.0720  18.7810
8529.0390  18.0560
8531.0010  17.1420
8532.9640  16.4630
8534.9320  19.2240
8536.8950  18.4890
8538.8630  18.2240
8540.8280  16.0830
8542.7970  17.5480
8544.7630  17.6980
8546.7290  19.0640
8548.6990  17.2080
8550.6660  18.1160
8552.6380  17.7290
8554.6040  17.3830
8556.5770  17.2080
8558.5460  17.9830
8560.5150  18.1380
8562.4890  16.6420
8564.4590  17.7700
8566.4340  16.8960
8568.4040  18.7880
8570.3800  17.7620
8572.3520  17.4320
8574.3240  16.6210
8576.3010  19.0690
8578.2740  17.7720
8580.2520  18.6120
8582.2260  18.0490
8584.2050  18.7020
8586.1800  19.0080
8588.1600  20.1190
8590.1360  18.9710
8592.1110  19.0130
8594.0930  18.1380
8596.0700  17.3870
8598.0530  17.9800
8600.0300  16.9170
8602.0140  17.7900
8603.9920  16.3980
8605.9720  17.5950
8607.9560  16.7260
8609.9370  17.4710
8611.9220  17.8910
8613.9030  18.2670
8615.8900  20.0140
8617.8710  20.6630
8619.8540  18.7920
8621.8420  18.6140
8623.8250  17.4570
8625.8130  17.0090
8627.7980  17.2860
8629.7880  20.3310
8631.7720  17.4890
8633.7590  17.8900
8635.7500  13.2890
8637.7360  18.8390
8639.7290  17.3740
8641.7160  16.1770
8643.7080  17.9900
8645.6970  17.6040
8647.6860  16.6660
8649.6800  18.2380
8651.6700  16.9010
8653.6650  17.2020
8655.6550  19.5000
8657.6510  15.6310
8659.6440  18.3770
8661.6360  19.1140
8663.6330  16.6960
8665.6260  13.5540
8667.6240  16.3390
8669.6180  17.9950
8671.6170  15.2170
8673.6120  17.9740
8675.6070  18.4620
8677.6080  18.1010
8679.6040  16.6450
8681.6050  18.2390
8683.6030  19.3850
8685.6050  18.6800
8687.6040  16.3320
8689.6030  17.1870
8691.6050  15.4720
8693.6050  19.0040
8695.6100  15.4670
8697.6100  20.2670
8699.6160  17.5660
8701.6170  16.6640
8703.6190  15.8000
8705.6260  16.8770
8707.6290  16.9800
8709.6370  16.5900
8711.6410  16.3050
8713.6490  16.5010
8715.6540  15.2440
8717.6590  16.5800
8719.6700  15.8070
8721.6760  14.5280
8723.6870  14.0180
8725.6930  16.3130
8727.7060  16.1860
8729.7130  17.7690
8731.7220  17.4050
8733.7350  16.1880
8735.7440  17.4560
8737.7590  16.6460
8739.7690  16.1400
8741.7840  16.6370
8743.7950  15.8520
8745.8120  16.8390
8747.8230  17.0440
8749.8360  19.5850
8751.8540  16.4970
8753.8670  16.9630
8755.8860  17.0850
8757.9000  17.5030
8759.9200  18.7550
8761.9350  17.0040
8763.9500  23.0360
8765.9720  18.8400
8767.9880  16.8680
8770.0100  18.9170
8772.0270  15.3950
8774.0500  16.0290
8776.0680  16.8000
8778.0880  20.8790
8780.1110  15.3430
8782.1320  16.0770
8784.1560  18.2580
8786.1780  18.7940
8788.2030  18.7950
8790.2260  16.4400
8792.2470  13.7720
8794.2750  18.2250
8796.2980  19.1210
8798.3260  17.7670
8800.3510  16.9050
8802.3800  15.8950
8804.4050  17.4550
8806.4310  15.9820
8808.4610  16.0120
8810.4870  17.0690
8812.5200  18.8590
8814.5460  16.5290
8816.5790  17.4210
8818.6070  16.2820
8820.6360  17.1100
8822.6700  19.7060
8824.6990  19.9440
8826.7340  20.7260
8828.7650  19.7390
8830.8010  18.6910
8832.8330  19.6570
8834.8640  16.5320
8836.9010  17.3360
8838.9350  19.0600
8840.9730  17.9190
8843.0070  20.1290
8845.0460  17.6210
8847.0810  17.2360
8849.1160  16.2660
8851.1560  17.1700
8853.1920  19.8490
8855.2340  18.6840
8857.2710  18.9360
8859.3140  18.6250
8861.3520  18.2090
8863.3910  18.1720
8865.4350  17.5940
8867.4740  19.1070
8869.5190  17.5900
8871.5600  22.3420
8873.6040  18.7560
8875.6460  16.5950
8877.6880  16.5310
8879.7350  18.6840
8881.7780  17.6210
8883.8260  19.4120
8885.8700  19.3460
8887.9190  19.8650
8889.9640  18.1020
8892.0090  18.0260
8894.0600  16.0580
8896.1050  18.1160
8898.1560  16.5800
8900.2040  18.6720
8902.2560  15.3750
8904.3040  17.8740
8906.3570  20.5530
8908.4060  20.2840
8910.4560  18.4820
8912.5110  18.6800
8914.5610  17.3480
8916.6160  18.9160
8918.6680  16.8180
8920.7250  22.2440
8922.7760  19.0310
8924.8290  16.0490
8926.8870  17.9310
8928.9400  17.2490
8931.0000  17.0380
8933.0550  20.2570
8935.1140  16.1430
8937.1700  17.3720
8939.2260  15.3660
8941.2870  15.8320
8943.3440  16.6920
8945.4060  16.2240
8947.4640  18.1130
8949.5270  17.5770
8951.5860  14.9280
8953.6460  16.4670
8955.7100  16.9780
8957.7710  18.2410
8959.8360  12.9070
8961.8970  16.2760
8963.9640  16.3440
8966.0260  18.3510
8968.0890  15.1400
8970.1570  15.9220
8972.2210  17.8030
8974.2890  16.2090
8976.3540  18.8500
8978.4240  19.3440
8980.4890  17.9810
8982.5560  21.0090
8984.6270  16.5650
8986.6930  15.3230
8988.7660  15.9090
8990.8340  15.4610
8992.9070  18.5580
8994.9760  16.4350
8997.0450  16.5140
8999.1200  15.6550
9001.1900  17.3630
9003.2660  20.0070
9005.3370  18.5300
9007.4130  18.0400
9009.4850  16.1410
9011.5590  16.4430
9013.6360  15.5540
9015.7100  15.5760
9017.7890  16.4960
9019.8630  18.9940
9021.9430  17.3000
9024.0190  16.9020
9026.0950  17.4550
9028.1760  17.5900
9030.2530  16.9490
9032.3350  16.4990
9034.4130  18.4210
9036.4970  16.9630
9038.5750  16.4440
9040.6540  18.8990
9042.7390  16.2400
9044.8190  19.0030
9046.9050  18.0220
9048.9860  17.5580
9051.0730  15.0150
9053.1550  16.4140
9055.2380  13.8110
9057.3260  17.5900
9059.4100  15.0670
9061.4990  14.9370
9063.5840  17.3210
9065.6740  18.5790
9067.7590  15.5080
9069.8510  20.2230
9071.9370  18.3850
9074.0230  17.2830
9076.1160  17.8650
9078.2040  17.5890
9080.2980  15.9550
9082.3870  20.4840
9084.4800  18.0000
9086.5700  15.2740
9088.6610  17.8270
9090.7570  17.5820
9092.8490  18.8250
9094.9450  19.2180
9097.0370  18.1490
9099.1350  17.2340
9101.2290  17.3070
9103.3220  14.9720
9105.4210  17.9230
9107.5160  17.4200
9109.6160  19.1500
9111.7120  16.3050
9113.8120  15.9460
9115.9090  19.5400
9118.0070  17.4190
9120.1090  14.4700
9122.2070  19.5470
9124.3110  19.2950
9126.4100  16.9810
9128.5150  16.0830
9130.6140  18.8350
9132.7150  16.5290
9134.8210  18.4130
9136.9220  16.4660
9139.0290  14.2730
9141.1320  17.1710
9143.2390  17.0400
9145.3430  18.4280
9147.4470  17.0360
9149.5570  16.8080
9151.6610  18.6690
9153.7710  17.0000
9155.8770  17.1090
9157.9880  15.1990
9160.0960  19.0010
9162.2030  16.0260
9164.3150  18.1120
9166.4240  16.3080
9168.5370  19.7060
9170.6460  17.9480
9172.7620  18.4160
9174.8710  15.0940
9176.9820  15.0980
9179.0990  19.9870
9181.2100  18.1830
9183.3270  16.0910
9185.4390  14.7510
9187.5580  16.2190
9189.6720  19.0940
9191.7850  16.8800
9193.9050  18.5870
9196.0210  17.3070
9198.1410  16.8520
9200.2570  14.6730
9202.3790  16.4860
9204.4950  15.0040
9206.6130  15.9410
9208.7360  15.6650
9210.8540  16.1210
